283 6
177 5 3 5 6 2 9 1 2 7 0 9 3 6 0 6 2 6 1 8 7 9 2 0 2 3 7 5 9 2 2 8 9 7 3 6 1 2 9 3 1 9 4 7 8 4 5 0 3 6 1 0 6 3 2 0 6 1 5 5 4 7 6 5 6 9 3 7 4 5 2 5 4 7 4 4 3 0 7 8 6 8 8 4 3 1 4 9 2 0 6 8 9 2 6 6 4 9 5 0 4 8 7 1 7 2 7 2 2 6 1 0 6 1 5 9 4 9 0 9 1 7 7 1 1 5 9 7 7 6 7 3 6 5 6 3 9 4 8 1 2 9 3 9 0 8 8 5 0 9 6 3 8 5 6 1 1 5 9 8 4 8 1 0 3 0 4 4 4 4 7 6 3 1 7 5 9 6 
232 1 7 8 5 7 4 1 8 5 9 7 5 3 8 8 3 1 8 9 6 4 3 3 3 8 6 0 4 8 8 8 9 7 7 6 4 3 0 3 0 9 2 5 4 0 5 9 4 6 9 2 2 4 7 7 5 4 8 1 2 8 9 3 6 8 0 2 1 0 5 1 1 0 8 5 0 6 4 6 2 5 8 6 2 8 4 7 2 4 0 6 2 9 9 0 8 1 3 1 1 0 3 4 0 3 9 1 9 6 9 3 3 8 0 5 6 6 4 0 0 4 6 2 6 7 5 6 9 8 7 2 8 2 9 9 6 0 2 7 6 1 3 2 1 5 9 9 1 4 9 1 0 7 5 8 7 0 4 8 0 4 2 9 6 1 0 4 2 2 2 0 5 5 2 9 0 2 8 3 8 0 4 0 9 1 9 6 2 5 4 4 9 9 3 6 0 5 0 2 9 4 3 5 1 7 4 3 1 4 6 9 4 2 2 6 4 1 2 8 8 9 2 8 8 8 6 8 3 8 3 3 3 
248 0 4 7 6 8 9 0 6 8 7 9 0 3 3 3 7 3 2 6 5 2 6 5 8 7 9 6 0 4 1 0 4 8 7 0 8 6 2 4 7 9 3 9 2 8 3 0 1 7 8 9 1 5 4 9 2 5 7 4 9 9 4 5 9 3 5 7 0 8 1 9 9 7 8 2 5 3 4 9 0 2 0 1 9 6 2 1 2 0 7 3 1 1 9 0 5 6 7 7 4 0 6 4 7 4 8 5 8 2 6 0 6 6 4 6 2 8 9 6 0 7 0 1 0 1 3 7 7 2 6 4 5 2 0 2 9 0 9 9 4 5 1 0 3 7 8 8 6 0 4 6 7 6 0 9 7 5 9 7 8 5 3 3 8 3 7 9 3 7 8 7 4 1 9 0 9 8 8 5 8 4 3 7 1 3 8 0 9 7 9 9 3 2 4 3 7 1 2 2 0 2 1 7 5 1 7 4 1 7 1 1 1 7 0 4 0 8 5 1 6 6 2 1 9 6 4 8 0 8 1 0 2 2 9 7 5 6 4 6 3 7 9 7 4 9 1 7 0 
236 0 8 5 3 9 4 1 5 4 1 5 5 4 9 8 3 8 5 2 2 2 7 0 3 4 6 3 6 3 3 4 4 3 9 7 2 5 8 9 0 2 4 7 6 5 7 1 3 3 3 8 5 1 0 8 7 6 3 5 0 8 0 4 1 1 3 5 9 3 4 1 5 0 8 3 5 6 5 9 9 0 7 6 3 7 6 1 5 0 6 5 0 8 1 2 2 6 9 1 0 4 2 7 4 0 3 2 8 0 3 7 0 0 3 4 9 2 7 4 2 5 2 4 4 3 8 6 0 8 9 2 2 3 1 8 3 4 2 2 4 5 1 7 5 7 1 6 9 8 1 3 3 3 7 9 8 6 7 0 4 8 4 8 1 6 8 5 2 1 9 9 6 0 6 4 9 9 0 8 9 3 1 4 8 9 6 7 7 3 7 1 2 2 1 5 0 9 0 4 0 1 3 7 4 1 1 3 0 3 2 1 7 5 6 5 4 2 2 1 7 2 4 1 6 5 7 8 5 9 2 7 3 6 4 7 9 
87 2 2 1 6 3 0 2 1 5 6 5 0 0 3 4 6 6 0 2 5 8 9 5 0 6 0 8 3 7 8 2 1 0 5 8 5 5 0 7 3 8 2 3 0 7 7 7 6 9 1 1 9 0 8 9 8 8 0 3 7 0 6 9 2 1 7 7 9 7 6 2 7 1 5 8 8 4 5 6 5 6 8 4 8 8 3 8 
297 5 2 4 5 0 5 7 3 2 7 2 1 3 4 9 4 1 9 5 7 4 1 2 2 1 6 2 0 2 2 9 7 4 3 5 6 1 4 0 3 1 2 7 7 9 8 1 0 7 6 0 1 0 2 5 1 9 7 1 3 1 2 0 6 8 7 4 9 2 4 4 5 9 1 2 8 9 6 0 6 4 0 9 4 5 4 6 6 3 9 9 5 2 1 3 0 9 9 1 3 4 5 8 5 7 3 3 8 9 5 5 3 8 6 0 3 3 6 1 8 7 0 5 1 1 0 3 0 0 4 5 4 2 4 9 9 9 4 9 8 1 6 3 9 3 3 4 6 1 5 6 1 7 2 2 9 2 8 1 2 4 7 8 6 3 7 7 2 3 7 2 5 3 7 6 8 1 3 6 4 0 3 5 8 5 0 9 9 8 0 2 4 9 0 1 2 0 0 6 3 9 0 8 3 8 7 3 1 0 0 5 0 3 1 8 0 1 7 9 1 0 3 5 9 4 8 4 6 9 2 9 0 3 0 3 3 7 9 4 9 9 1 9 4 2 0 6 5 9 5 6 1 1 4 3 7 2 7 3 3 9 2 4 4 4 9 9 3 8 3 2 9 5 4 3 9 4 9 5 5 7 3 9 0 7 2 7 2 9 0 5 0 4 1 7 9 3 
16 2 1 2 5 3 9 1 8 8 7 0 5 2 7 9 1 
289 6 3 6 8 4 6 6 7 2 7 4 1 0 0 6 4 4 3 7 3 4 7 2 1 7 9 5 6 8 9 5 5 2 1 5 9 9 1 6 2 1 0 5 3 2 1 9 7 6 8 2 0 6 4 3 3 6 9 0 4 8 5 1 2 9 7 3 8 0 9 2 3 1 8 7 4 1 6 3 8 5 5 0 1 2 6 4 8 5 6 2 5 2 6 9 1 3 3 1 5 2 6 9 4 4 6 0 7 4 3 7 9 0 0 2 2 6 9 0 3 5 5 8 7 1 7 0 6 0 4 1 3 0 2 9 6 0 9 3 5 4 3 6 4 3 1 9 1 0 9 4 5 6 2 5 9 1 7 7 4 1 1 9 1 3 8 7 4 9 3 1 3 8 7 9 3 8 8 4 0 0 8 6 8 2 3 8 5 0 5 9 2 6 8 5 2 8 3 6 7 8 7 2 6 6 2 9 7 0 3 7 2 3 5 1 7 8 9 4 1 6 4 3 5 4 8 7 3 3 5 0 1 4 5 7 0 7 8 9 9 3 9 4 6 4 5 5 5 6 0 6 2 6 9 9 2 9 6 5 5 3 8 6 7 3 6 0 2 6 9 3 0 8 7 6 5 2 4 0 0 6 8 5 4 9 4 6 8 3 
262 3 6 2 2 4 7 0 4 9 6 5 4 6 4 2 5 1 6 1 3 7 7 1 2 1 0 8 9 0 1 3 4 8 5 8 2 2 0 6 3 6 1 0 5 7 4 2 0 0 3 3 9 0 4 3 3 4 2 4 5 3 8 1 1 3 1 5 8 1 3 3 9 7 5 4 4 9 6 7 2 1 0 1 3 7 7 6 3 9 1 0 4 1 1 8 6 4 3 4 7 7 0 7 4 5 3 0 7 2 9 9 3 0 2 7 9 9 5 2 0 8 3 5 9 6 5 6 3 0 2 0 7 4 7 3 0 1 6 7 5 7 8 8 9 0 7 8 0 3 1 0 3 6 7 3 2 2 1 5 3 3 8 2 8 5 8 0 8 6 9 3 3 7 4 3 7 1 3 9 6 4 2 0 2 9 5 7 4 6 4 9 1 2 3 1 8 1 3 8 9 2 4 5 1 0 0 1 3 3 0 0 0 2 2 2 4 7 9 8 5 4 7 8 6 0 0 6 4 3 7 5 8 1 0 9 3 0 2 6 4 3 8 6 7 0 8 1 9 8 1 6 4 8 5 0 1 5 9 7 0 6 2 
138 9 5 0 2 7 2 8 1 7 7 9 7 9 8 8 9 8 0 5 2 0 2 4 3 7 3 0 0 1 5 8 0 0 0 4 7 5 3 1 4 2 0 1 3 0 0 4 8 2 2 0 2 4 5 8 4 0 8 4 2 5 4 2 7 5 7 5 2 2 8 6 6 0 0 9 1 2 6 9 4 8 2 8 2 7 8 6 7 7 0 9 4 5 4 2 2 3 9 6 5 7 4 3 9 4 4 0 6 0 2 2 8 4 3 1 1 1 9 0 0 0 2 5 7 6 9 1 9 8 7 6 5 1 1 4 8 5 7 
166 6 9 1 4 3 6 7 6 9 7 6 0 9 0 7 6 6 8 7 7 6 6 5 3 7 6 9 7 2 6 4 0 7 5 4 0 1 2 8 0 1 5 2 0 7 1 6 4 9 5 3 5 1 1 0 0 7 0 8 1 6 4 1 4 9 8 6 2 2 5 2 3 2 7 3 9 0 1 5 0 6 9 7 9 2 8 9 9 8 9 3 6 3 6 0 4 4 9 6 6 4 1 9 8 0 4 9 0 5 5 0 1 6 0 2 8 8 4 9 8 3 4 4 9 1 7 5 7 6 2 4 2 5 5 0 5 2 9 7 7 6 8 1 2 0 3 2 8 7 4 6 3 8 0 4 9 7 9 7 5 1 3 7 8 0 9 
235 2 1 3 2 7 3 3 2 3 8 6 1 6 0 9 1 9 1 5 0 9 4 9 6 8 2 4 6 5 3 4 7 4 7 1 4 0 4 8 3 3 4 6 1 5 5 4 6 6 9 6 7 5 6 4 3 0 0 2 5 3 8 5 0 5 6 6 7 3 4 0 8 0 8 1 5 3 5 1 1 4 0 1 1 8 5 7 8 5 1 6 0 9 1 2 4 9 0 1 4 4 3 2 5 1 3 2 6 0 6 9 6 8 0 8 6 7 5 4 4 6 0 5 5 3 9 1 5 0 4 9 6 7 4 3 0 9 6 6 0 4 5 8 2 8 6 8 5 3 4 0 1 7 7 8 0 8 9 7 8 3 9 7 2 5 0 2 4 8 0 6 2 6 5 6 6 3 4 1 7 1 3 0 8 2 9 0 1 0 8 1 6 7 8 8 2 1 3 8 9 3 5 4 1 2 2 7 7 9 1 4 0 4 7 8 7 6 8 0 8 6 1 4 5 2 5 9 3 8 8 4 3 5 0 5 
189 3 4 6 2 5 3 2 0 0 0 9 8 0 9 6 7 2 1 4 4 8 4 9 8 4 4 1 9 6 8 0 9 3 6 3 8 9 5 0 1 7 1 9 8 2 6 7 5 9 3 9 9 7 9 7 3 5 0 4 1 9 4 1 4 3 6 4 2 2 7 6 1 8 5 1 1 3 0 6 4 4 7 5 3 8 2 7 3 5 3 7 4 8 0 0 1 6 4 5 8 3 1 2 2 9 5 5 4 6 3 1 2 0 6 5 1 9 4 4 6 8 1 0 8 1 2 9 8 8 6 8 2 0 2 4 9 8 1 5 6 4 6 8 6 3 5 7 4 2 4 0 2 7 2 0 1 6 1 9 4 9 9 6 9 4 2 0 2 3 6 8 9 2 8 6 7 3 5 3 5 9 5 9 7 9 9 0 5 2 
231 0 2 0 6 3 6 9 4 8 4 0 8 4 4 8 2 4 2 7 7 9 9 3 9 8 4 0 8 0 5 9 0 9 1 8 2 8 7 6 8 4 8 9 8 3 7 0 7 1 9 6 3 0 1 4 8 6 6 6 6 1 7 8 2 9 6 5 9 4 3 7 8 2 8 8 7 6 0 4 9 1 2 2 2 4 6 0 2 3 9 8 6 8 6 9 7 2 6 8 8 9 8 8 1 6 8 0 4 8 4 4 2 9 6 4 5 5 4 7 0 5 7 6 4 3 5 3 7 3 2 8 3 0 8 6 6 9 7 1 9 3 7 1 2 3 5 7 0 2 6 0 7 3 7 1 8 4 7 6 8 9 6 3 9 6 9 7 5 6 0 5 2 7 6 6 3 2 4 3 6 0 4 3 6 3 7 4 9 4 2 9 3 8 2 4 5 4 3 2 2 4 7 4 1 6 1 6 8 7 0 4 9 6 9 5 1 6 0 2 2 2 2 7 3 6 1 0 0 7 2 3 
71 0 7 4 8 0 1 8 7 3 4 7 1 3 4 4 2 4 6 4 9 8 4 2 5 7 2 7 4 4 0 5 6 0 0 4 0 3 2 0 8 6 9 9 2 3 5 4 8 1 0 7 2 4 9 9 2 3 6 6 7 7 4 6 9 6 0 9 9 5 1 7 
273 0 8 5 4 3 9 4 6 2 3 8 6 2 7 0 7 6 7 4 3 1 2 4 7 5 5 8 0 7 7 3 7 7 9 3 2 0 7 8 2 0 7 1 4 6 1 1 2 8 8 7 1 0 1 0 7 9 0 7 6 9 3 3 6 4 9 8 4 6 9 9 7 8 0 1 4 3 5 9 4 3 8 5 5 2 8 3 1 8 2 7 0 5 2 6 1 1 7 8 8 6 7 7 4 9 0 0 2 7 1 6 2 0 4 8 2 2 3 3 2 7 2 4 5 4 1 6 8 0 4 8 8 3 5 2 4 7 4 7 5 6 5 7 6 9 7 0 3 2 3 8 0 5 2 5 1 5 1 1 5 8 9 3 3 6 7 8 6 2 5 1 0 0 0 8 2 8 8 7 0 1 5 0 8 0 7 1 5 1 3 3 9 4 8 2 3 6 0 9 0 7 0 2 0 0 0 4 0 8 1 1 9 9 3 9 9 1 2 6 4 7 9 3 2 8 7 5 6 0 4 6 9 6 8 9 6 8 5 9 8 7 0 7 8 5 8 7 8 0 5 2 8 5 7 2 5 7 9 1 7 3 9 6 9 9 8 7 7 3 6 5 2 8 
274 0 6 4 9 6 6 5 9 6 2 8 8 7 5 7 0 2 2 9 1 3 8 1 3 7 6 1 4 9 2 0 1 8 6 3 4 2 0 5 9 4 4 9 1 9 9 3 4 1 2 5 7 2 6 0 1 4 1 5 3 5 7 7 3 3 2 0 7 4 7 6 8 1 8 9 3 7 2 7 0 6 4 7 0 2 9 1 6 3 8 2 8 5 9 2 0 3 4 7 7 1 6 5 5 4 6 8 1 0 5 1 8 9 1 8 1 0 9 7 3 9 1 2 6 2 6 6 5 0 5 4 3 1 9 8 7 7 6 8 7 3 2 5 4 3 5 7 5 6 5 9 5 8 3 3 1 9 9 6 1 7 1 4 0 2 5 8 0 1 6 9 7 0 5 1 3 2 9 9 9 6 0 6 4 3 0 5 4 1 4 5 8 5 1 9 9 6 7 9 0 5 9 7 6 6 8 1 8 9 2 9 5 4 6 2 7 6 7 1 7 1 8 6 8 0 7 8 6 6 9 6 1 8 5 9 6 6 1 7 5 5 6 3 0 2 5 9 8 2 3 8 6 1 6 6 1 3 4 0 9 6 8 2 6 4 2 3 0 5 0 7 2 8 0 
22 3 5 4 3 0 7 1 8 8 7 4 2 2 1 2 1 7 2 6 3 6 0 
258 8 7 0 8 9 9 8 4 2 6 8 7 8 5 9 8 3 6 4 7 1 5 9 4 4 2 0 0 0 0 8 1 7 1 9 9 0 9 3 4 7 3 1 7 8 2 5 3 1 2 1 2 9 2 6 4 6 9 6 9 9 4 0 9 5 1 0 7 2 3 3 2 8 7 1 6 1 9 1 2 1 4 6 0 7 3 6 5 2 2 4 3 9 6 4 6 7 4 6 2 9 9 6 7 8 7 5 2 6 7 4 7 1 1 8 0 6 6 6 0 9 0 5 8 7 0 4 6 6 0 0 6 2 6 5 2 4 1 4 2 0 1 0 3 4 0 4 0 6 2 2 7 2 7 5 1 9 0 0 6 2 0 2 4 9 9 9 5 0 3 7 0 4 9 4 8 9 0 0 8 2 2 5 6 2 1 8 1 3 0 7 7 2 1 4 1 1 3 6 3 8 6 6 3 5 2 3 7 2 6 5 6 8 0 2 2 3 2 4 8 2 3 8 5 7 2 8 8 7 7 3 5 3 9 0 8 1 6 5 5 2 2 1 2 5 6 5 8 8 9 9 3 4 7 0 1 1 0 
41 8 7 5 3 0 6 6 1 8 2 8 5 4 3 9 6 8 5 1 8 5 2 9 0 7 6 0 0 7 3 2 7 0 7 1 3 3 7 6 3 9 
26 9 5 9 8 1 7 5 3 8 0 7 7 3 4 6 5 5 5 8 9 3 9 6 6 4 1 
15 0 7 6 6 8 1 6 8 2 5 3 7 3 5 5 
11 8 1 7 6 8 2 4 7 7 3 3 
3 7 7 8 
69 6 4 6 4 5 4 2 0 9 7 7 5 4 4 6 5 6 5 1 4 9 5 2 7 1 7 0 0 6 1 0 2 5 8 6 3 2 0 3 1 9 2 6 6 7 4 1 3 1 4 9 1 1 1 0 2 1 2 5 7 3 5 0 1 5 8 6 7 1 
189 0 2 3 9 8 0 3 1 5 7 7 7 0 9 8 0 3 1 4 8 9 0 5 1 3 0 1 9 9 2 0 0 7 3 9 7 6 4 9 3 3 8 0 3 7 1 5 1 2 2 1 3 2 7 4 5 9 6 4 9 0 4 1 7 9 0 5 5 6 6 1 0 4 1 5 2 4 3 5 7 5 6 2 7 5 7 4 5 3 8 6 3 4 7 1 3 9 8 1 7 4 2 9 8 5 5 2 2 0 7 1 5 6 3 2 1 0 8 8 5 6 4 9 2 3 2 7 2 2 8 2 6 2 1 6 0 8 9 2 8 8 5 5 4 8 9 8 9 7 6 4 5 3 5 7 6 9 5 1 1 5 5 9 0 6 6 2 7 7 6 7 5 1 3 2 9 2 0 0 0 8 7 5 1 4 5 0 4 0 
193 7 7 8 7 7 4 3 1 3 0 7 1 7 8 6 1 0 8 3 0 0 2 9 6 5 4 3 7 0 5 0 7 2 8 4 2 5 7 3 8 9 1 1 9 9 7 0 9 6 6 2 8 8 1 6 5 7 9 3 7 4 5 5 7 4 9 1 9 9 4 9 0 5 1 1 7 8 2 8 6 8 0 5 8 4 1 5 1 1 0 9 5 6 6 4 2 5 5 1 6 0 0 9 7 3 0 6 2 4 5 0 2 7 5 2 3 9 0 7 0 0 6 7 8 4 4 0 1 9 1 8 1 4 9 1 7 9 7 1 4 4 2 8 4 9 3 9 8 3 6 0 5 4 0 4 8 4 4 0 3 8 0 7 4 9 8 3 8 7 5 4 4 9 3 8 8 8 7 9 1 6 9 8 0 9 2 9 3 9 9 9 7 9 
116 3 0 6 6 8 3 3 5 7 2 0 7 3 8 7 2 1 3 3 9 5 3 2 4 8 3 5 9 2 6 7 5 6 3 1 7 9 5 2 8 9 2 8 2 0 5 4 1 0 0 2 5 3 6 2 3 9 7 5 1 4 2 8 2 8 2 9 9 9 1 9 8 5 7 3 5 4 9 8 4 9 3 2 4 9 4 8 9 3 3 2 9 7 3 2 5 5 3 6 4 7 6 4 2 3 7 0 0 7 0 6 6 3 8 1 3 
94 1 4 8 6 8 7 5 1 9 3 8 3 9 4 2 5 9 4 1 8 4 1 7 7 9 4 0 8 7 5 4 0 9 2 8 0 0 3 1 1 6 2 6 6 6 8 3 7 5 4 6 1 7 3 8 9 9 9 9 8 6 3 8 8 6 6 8 8 2 1 1 8 3 8 6 0 8 0 7 3 6 5 5 6 9 3 5 0 4 4 9 3 7 7 
31 5 6 9 3 8 0 7 8 6 5 5 8 3 5 7 9 1 3 4 7 4 9 4 4 6 8 5 9 8 5 2 
223 1 1 9 1 3 6 9 1 3 4 9 8 1 7 9 3 0 3 2 6 5 9 2 3 7 8 4 7 3 6 3 6 9 2 7 2 0 8 4 5 3 5 5 4 2 5 9 4 0 4 0 5 3 5 0 2 3 4 0 6 2 3 2 1 7 1 4 9 9 0 6 4 5 1 1 0 6 2 6 7 6 9 4 1 4 5 6 7 1 6 5 4 1 9 7 0 0 1 1 1 3 7 6 1 8 7 3 7 1 9 4 0 8 0 1 4 7 7 3 9 5 8 5 8 7 2 8 9 6 9 1 1 8 9 4 7 8 7 4 9 9 0 9 9 0 3 4 8 2 7 9 0 6 6 8 5 0 9 7 6 0 8 0 9 9 4 8 7 2 4 8 1 4 8 0 6 3 6 6 5 4 7 7 2 5 6 9 6 7 6 4 7 4 4 6 3 9 6 2 3 0 1 6 6 1 8 5 4 5 1 1 1 1 9 3 6 7 2 4 4 1 9 1 
65 5 0 1 6 6 5 9 7 6 7 3 9 6 8 5 3 2 7 6 5 8 1 3 5 3 8 9 6 9 2 2 4 2 5 1 9 2 2 6 1 0 1 0 8 2 6 3 6 5 9 3 3 0 6 8 5 6 9 2 5 1 6 0 4 3 
181 5 5 3 3 6 5 4 9 3 8 5 8 6 0 7 9 5 7 6 3 3 2 4 7 8 5 3 0 9 6 3 4 1 8 9 0 4 4 9 9 4 4 8 1 6 5 0 1 5 8 6 0 1 0 7 1 7 0 3 9 8 6 5 1 4 5 1 0 9 0 0 5 6 0 6 4 5 7 7 2 7 3 2 8 5 9 1 3 1 4 2 9 0 9 1 7 4 2 7 5 5 7 1 3 7 7 8 5 6 5 7 4 1 2 4 6 1 8 1 5 2 5 4 5 5 7 2 9 2 9 5 7 9 6 0 8 5 0 5 4 6 5 0 7 7 4 5 0 2 9 5 7 4 2 2 1 9 6 1 1 7 8 0 6 6 3 7 1 3 2 7 1 9 7 0 6 2 6 7 6 7 
104 3 1 6 7 5 8 3 8 1 1 6 4 9 2 7 6 5 2 1 5 4 0 2 4 7 4 2 6 3 9 0 6 3 9 6 8 7 9 6 8 0 4 2 0 8 1 8 5 4 9 0 0 2 3 6 9 9 1 7 2 0 9 1 5 8 7 3 5 8 1 6 1 5 0 3 3 2 1 9 8 3 9 0 5 2 6 6 4 7 3 6 0 4 9 5 3 8 1 0 7 2 8 8 8 
239 1 3 3 4 4 1 9 4 3 4 8 9 2 2 9 7 1 9 2 2 6 5 1 7 7 0 2 6 8 2 5 1 5 0 7 0 1 7 6 6 3 6 5 6 9 6 5 2 7 7 4 6 4 7 3 2 7 7 0 7 9 5 0 7 5 8 9 8 7 5 4 2 1 1 0 2 0 6 6 7 5 1 5 0 8 9 4 8 8 4 5 8 1 6 7 8 6 6 8 5 3 4 7 6 7 8 9 7 4 7 7 1 8 2 1 9 3 7 7 2 3 4 2 4 0 1 4 8 7 2 3 2 6 1 8 4 1 9 1 7 7 0 8 7 3 2 8 8 9 5 0 5 2 4 9 4 5 6 3 4 8 8 6 5 1 7 1 2 8 4 1 5 5 0 5 0 2 3 8 3 1 1 8 3 7 0 9 3 6 2 7 4 1 6 1 4 3 4 7 3 9 8 1 6 0 6 6 2 1 6 8 4 9 6 9 7 6 9 2 4 1 1 9 4 7 2 9 2 7 8 6 8 8 7 4 9 5 2 3 
146 0 3 1 0 0 0 9 8 9 1 3 3 4 4 9 4 8 0 6 7 8 4 5 9 3 9 8 0 1 3 9 4 7 2 6 9 4 5 9 4 8 4 9 2 0 0 6 9 1 5 6 9 1 2 0 7 3 0 7 7 4 8 1 3 0 7 2 5 2 3 1 2 8 0 6 8 0 3 7 1 0 6 3 3 0 5 0 3 6 0 0 2 8 3 5 9 0 9 6 4 2 7 6 0 7 5 1 9 0 0 3 0 6 8 5 6 3 6 2 1 8 4 3 8 8 8 9 8 9 5 5 4 2 3 4 1 8 7 3 8 8 6 0 4 6 6 
223 1 4 5 3 2 9 6 0 7 7 2 8 6 7 3 0 0 8 7 1 7 4 4 5 4 2 8 9 0 4 4 2 8 9 7 2 0 3 4 0 2 6 0 1 4 5 3 6 3 2 7 0 7 4 8 1 8 6 2 9 2 6 3 2 7 0 4 0 5 8 0 0 7 0 1 3 7 4 9 0 7 8 3 6 4 3 9 3 1 4 4 3 2 9 5 0 1 1 0 8 1 2 8 8 4 9 1 1 6 2 3 5 1 6 3 5 9 4 0 2 8 4 5 1 3 2 3 6 3 5 5 7 7 3 5 1 5 9 4 3 1 7 8 4 6 3 0 7 7 0 0 6 7 7 9 2 2 4 9 7 9 4 4 8 7 2 1 2 1 5 5 4 4 5 9 0 8 9 8 8 1 0 4 8 7 5 1 9 9 2 7 0 6 1 8 3 5 9 8 6 4 5 3 0 3 2 1 3 3 9 1 6 9 7 5 8 2 8 8 3 0 7 3 
168 0 3 3 6 2 1 4 8 9 7 9 2 9 2 7 4 1 9 1 2 6 8 2 1 8 2 4 0 9 0 8 2 5 3 0 8 5 4 8 6 2 9 0 3 1 7 0 4 6 3 8 3 1 1 6 1 3 2 1 5 4 1 7 0 4 7 0 1 3 8 9 5 8 9 1 9 7 3 6 5 6 4 0 7 5 6 0 9 9 3 6 3 6 3 3 2 2 3 4 5 4 3 3 4 5 6 5 4 9 1 9 5 6 0 4 1 8 4 2 9 9 8 3 5 3 8 7 5 4 3 3 0 7 8 4 4 4 9 8 5 1 7 2 7 9 6 0 8 2 3 9 1 1 2 8 5 3 5 2 9 9 7 9 8 5 5 2 1 
124 2 6 7 9 8 6 1 6 7 1 0 0 0 3 3 5 1 0 0 9 5 9 8 2 0 8 0 5 0 1 1 2 8 1 3 8 7 6 7 4 7 7 6 0 1 2 5 4 2 5 3 9 6 3 2 8 1 2 5 3 5 8 7 3 9 1 4 7 7 1 3 7 0 0 7 3 2 4 0 6 1 3 6 7 7 0 5 0 4 2 4 9 0 1 5 0 4 1 9 4 4 2 1 4 2 0 0 6 4 0 5 5 5 3 4 2 3 1 5 7 3 9 8 3 
160 3 5 7 6 4 1 0 7 2 5 1 2 7 0 8 7 5 3 2 8 9 7 3 0 2 2 5 3 0 8 5 6 6 2 2 0 3 3 7 7 0 1 1 7 1 9 6 6 4 0 6 3 9 9 5 3 1 0 6 1 1 4 9 7 6 2 7 2 7 7 9 9 8 1 6 9 0 4 7 7 4 3 0 4 2 8 7 3 8 6 6 1 0 6 8 6 0 8 8 7 5 0 8 3 1 6 4 3 0 1 0 6 4 3 0 8 1 0 1 1 8 9 3 8 5 1 6 7 9 7 6 6 7 4 1 0 0 5 3 0 8 4 9 4 9 1 2 0 1 5 3 9 5 6 9 2 0 6 2 1 
213 8 8 2 3 1 2 5 7 5 8 7 1 7 4 0 8 6 2 2 4 6 3 1 4 3 5 4 9 7 6 4 6 6 6 1 9 8 6 8 3 6 6 7 3 0 7 4 8 2 6 2 8 9 5 2 2 1 9 3 8 7 7 6 5 5 7 4 3 6 3 9 2 9 6 8 1 5 2 9 9 0 4 7 9 9 2 4 0 1 9 1 0 9 7 5 4 7 9 0 5 2 9 9 3 7 7 4 4 1 6 4 1 0 3 3 1 5 7 4 8 6 5 8 5 4 3 2 1 5 2 6 7 1 8 3 0 5 7 6 9 5 0 0 5 6 3 7 3 2 1 2 9 8 2 6 2 8 8 4 3 0 2 2 3 2 5 5 8 5 4 7 0 6 9 6 2 5 5 6 7 8 0 6 6 2 5 0 0 5 6 3 8 1 6 3 3 1 1 1 8 5 0 9 1 2 7 4 7 2 0 4 2 0 
73 0 4 0 0 5 5 7 0 3 8 6 9 1 0 0 5 8 5 7 9 6 9 6 2 8 8 4 3 2 6 8 2 1 8 3 6 5 0 8 1 8 5 0 1 7 0 6 7 7 6 7 5 5 3 8 6 4 2 9 6 9 9 9 2 9 2 0 4 4 8 5 4 5 
257 5 2 7 4 2 6 0 9 2 7 4 0 3 8 4 4 7 5 3 8 7 2 2 7 9 6 6 4 2 1 4 7 6 3 3 8 0 3 9 2 3 3 4 6 4 8 1 1 6 6 9 3 1 3 3 0 9 1 6 3 4 0 0 0 4 6 0 4 1 9 8 4 5 2 1 9 2 4 2 8 0 3 4 3 6 7 3 7 8 0 0 2 2 2 5 6 8 5 2 2 7 0 6 2 4 9 3 7 5 7 7 8 0 1 1 8 0 5 5 0 7 7 3 9 9 0 6 0 7 8 2 6 1 0 0 5 0 3 4 7 0 2 5 2 5 7 0 6 4 7 6 1 4 1 0 4 3 8 6 1 9 8 9 0 8 0 5 0 5 0 8 6 2 5 0 9 2 1 7 8 0 6 9 5 7 2 1 3 2 7 6 1 7 5 1 5 5 7 8 1 7 8 9 1 3 9 2 8 2 0 6 5 6 8 0 5 2 1 8 4 0 4 6 7 2 7 2 7 6 2 0 5 0 1 8 6 3 1 4 5 1 2 0 7 2 2 4 4 5 3 9 5 9 7 2 1 4 
227 1 3 1 3 8 2 5 7 0 8 8 4 5 1 8 8 0 1 0 4 7 6 9 6 3 9 5 8 2 0 5 5 5 6 9 3 0 4 2 0 2 0 6 7 3 7 5 3 8 8 8 5 6 9 4 9 8 9 7 3 1 4 8 6 3 9 2 3 3 4 6 7 7 4 7 0 1 4 4 9 2 4 7 8 3 3 0 4 4 9 7 6 4 7 4 7 7 6 2 2 3 0 0 0 5 7 0 6 1 6 8 6 0 7 6 6 0 8 0 4 8 9 2 4 8 7 3 5 5 7 0 8 8 2 0 3 9 3 1 2 9 9 0 0 6 9 6 8 7 8 3 5 7 7 1 5 6 4 3 2 2 5 2 0 7 5 5 8 8 6 2 7 8 3 9 6 2 7 5 1 5 0 7 4 7 0 2 4 5 7 8 7 2 2 9 1 7 6 9 5 2 3 5 2 6 4 9 0 4 4 2 9 4 1 6 3 1 0 7 8 7 7 7 1 0 8 4 
57 4 3 5 9 6 0 1 5 6 2 7 0 6 1 2 2 4 8 6 8 0 5 6 9 3 6 0 5 4 6 2 9 9 9 8 7 1 1 4 8 4 2 8 2 5 2 5 0 2 3 8 2 0 6 1 5 2 
273 0 7 9 5 6 0 4 6 0 6 9 4 6 3 8 6 8 4 9 3 6 1 8 4 6 8 0 7 4 5 3 4 2 2 1 0 5 6 8 5 4 7 1 0 3 0 6 3 6 5 6 2 9 6 8 5 6 0 4 2 5 7 9 9 2 0 1 7 6 9 4 0 9 5 2 4 7 9 7 5 4 5 9 3 3 7 0 9 0 5 2 5 2 3 7 6 3 8 3 2 0 9 4 9 7 7 5 4 6 2 2 2 9 1 8 2 1 8 1 1 5 5 8 8 8 5 4 2 6 0 6 6 1 0 7 8 7 2 5 5 4 7 8 3 0 6 5 1 6 8 2 2 4 1 2 4 8 8 8 4 0 4 2 2 5 9 2 4 1 7 0 7 6 8 2 7 6 9 0 4 8 3 6 4 6 0 8 6 9 7 3 1 3 5 3 8 5 6 3 6 5 3 4 4 3 8 1 9 8 1 5 6 6 4 0 4 4 0 3 5 9 6 7 3 3 2 3 8 0 6 7 6 1 3 0 4 1 3 5 9 6 3 5 5 7 7 1 1 0 4 9 1 2 8 4 6 0 0 4 1 6 3 9 0 6 1 6 8 6 4 9 4 7 
7 9 4 6 3 7 6 9 
18 8 2 6 4 8 7 4 4 0 3 0 1 5 6 4 1 6 2 
127 6 6 6 5 8 2 1 1 0 0 2 0 0 4 7 4 4 6 1 1 6 6 1 9 1 9 3 4 6 5 2 4 3 8 9 1 1 2 4 3 2 7 3 2 3 2 7 8 8 0 1 4 6 2 5 9 1 8 3 9 5 7 5 9 6 6 2 9 9 7 4 1 6 7 6 9 2 5 7 0 5 8 7 3 2 2 2 6 3 7 7 8 5 3 9 3 1 4 2 0 1 6 4 9 5 0 8 7 5 8 8 2 8 7 5 1 9 9 9 4 6 6 5 1 9 4 4 
271 8 6 3 1 4 9 0 2 9 1 1 6 9 1 8 7 8 5 0 8 4 9 2 1 6 7 2 7 4 9 0 4 7 6 8 2 5 0 6 5 1 7 3 2 9 4 0 7 9 2 7 6 2 2 7 8 9 1 7 5 0 8 2 0 4 0 2 9 0 0 6 4 7 2 6 6 6 8 4 7 1 1 3 5 3 0 5 5 4 2 2 6 2 4 6 8 4 0 0 7 0 6 1 8 0 9 6 6 8 0 4 1 4 7 8 9 0 3 6 6 5 9 2 0 3 1 8 0 1 8 9 4 7 0 4 7 1 0 4 1 1 0 4 7 9 2 6 9 5 5 5 3 4 0 3 9 1 3 1 2 2 0 8 1 2 2 8 6 3 4 7 6 6 2 3 6 4 1 5 2 6 3 7 2 3 0 4 4 5 7 8 9 8 7 0 2 1 9 8 4 5 8 0 2 0 5 8 6 7 5 0 5 8 7 0 3 9 6 7 5 3 8 4 3 7 5 6 8 6 6 3 3 4 5 5 6 1 5 5 0 1 5 7 1 3 7 5 4 5 2 9 9 2 6 2 9 3 0 8 9 7 3 2 3 8 0 0 9 5 7 9 
206 2 7 8 7 6 5 4 2 7 3 3 2 1 5 1 4 8 1 3 7 4 8 2 3 0 4 4 5 1 6 4 6 3 4 3 1 9 9 5 8 3 8 0 4 6 4 1 4 5 4 3 0 4 5 5 4 0 9 2 1 5 6 7 0 2 3 4 1 2 9 1 7 8 2 4 6 8 5 2 3 1 5 5 8 2 0 4 2 0 6 6 7 4 5 8 6 0 2 9 5 3 1 4 3 5 8 9 3 5 1 8 9 8 4 9 3 4 3 5 6 0 3 4 6 1 4 3 1 8 4 8 3 5 3 7 2 3 8 7 1 2 6 0 0 0 9 3 6 4 1 5 4 6 9 1 7 5 6 1 5 0 9 8 8 2 5 2 6 4 0 7 6 8 9 8 0 0 4 6 4 7 3 1 3 2 4 1 9 2 2 4 2 1 3 2 6 8 5 4 4 7 3 2 5 2 1 
215 4 7 3 8 4 7 1 7 1 5 0 1 9 4 7 2 8 0 6 4 1 3 0 7 0 3 0 5 7 3 2 1 0 8 1 6 7 5 5 0 2 6 3 2 0 1 6 0 3 2 6 4 6 6 4 6 9 4 4 6 9 8 9 9 8 3 5 5 8 0 8 2 8 1 4 1 2 0 1 8 3 8 4 1 4 8 7 6 2 3 4 3 4 6 2 2 1 9 0 1 2 8 3 2 9 8 3 4 8 7 4 3 7 8 4 3 7 4 1 1 9 6 5 3 4 9 6 5 1 6 6 3 6 9 7 7 7 3 1 8 0 5 1 9 6 8 2 3 4 6 6 3 2 1 7 6 3 3 1 4 1 7 9 9 8 6 6 6 9 0 6 1 7 9 2 3 7 7 8 1 3 5 5 7 8 4 3 1 9 6 5 0 5 6 1 3 3 7 1 4 9 7 8 7 7 2 2 4 9 1 8 2 8 5 9 
206 9 4 8 8 2 5 0 7 2 1 1 7 0 4 3 0 2 3 9 9 6 1 5 5 4 5 0 2 0 1 9 9 8 9 7 0 6 9 8 0 0 1 7 1 5 3 3 9 6 2 0 2 3 8 0 8 3 2 2 6 3 1 7 1 2 5 4 9 6 2 9 7 5 9 0 2 2 3 2 0 5 4 5 0 2 7 0 8 9 3 4 4 6 1 8 9 8 2 0 5 6 1 4 1 0 4 5 4 9 7 5 4 4 2 6 6 9 7 4 8 2 0 4 0 2 2 9 2 6 1 7 2 3 1 5 5 7 1 0 6 0 7 2 4 9 9 1 0 8 7 8 2 8 4 2 2 7 4 4 3 5 4 6 0 7 3 6 5 4 8 3 5 5 6 1 6 7 4 6 7 2 6 9 2 0 1 4 9 7 0 3 5 4 1 5 2 6 3 9 1 1 2 8 8 8 9 
246 7 4 4 4 8 2 3 0 3 7 6 4 6 6 7 1 1 0 9 5 7 2 4 0 6 6 0 6 7 9 5 6 5 9 1 5 2 6 5 7 5 3 1 2 0 1 3 3 3 4 8 2 9 2 4 5 0 4 3 9 6 8 6 1 0 7 7 4 5 4 1 1 8 4 3 8 5 8 3 1 3 1 3 4 5 8 9 7 2 4 7 0 5 5 2 7 4 1 1 9 5 4 2 5 8 5 5 6 6 8 7 1 9 2 5 6 2 6 4 7 2 3 7 7 8 9 4 2 2 5 3 8 1 6 5 0 3 1 6 9 9 5 2 1 9 7 7 2 5 3 9 8 6 6 5 4 8 2 8 0 9 4 0 1 0 6 1 3 7 9 5 8 6 7 9 5 7 7 7 2 0 8 0 7 7 8 3 5 0 4 7 9 8 0 2 0 8 5 5 5 6 0 5 2 0 5 0 7 2 7 1 4 8 4 3 5 2 9 0 4 3 9 5 3 9 8 3 7 3 8 4 0 1 0 2 1 5 4 0 9 4 3 3 2 7 9 
237 1 8 9 5 1 0 1 6 0 9 9 9 4 9 4 4 0 6 9 3 3 3 5 2 7 9 7 1 8 6 8 0 4 9 5 7 0 8 3 0 7 2 1 2 4 5 8 4 3 7 0 6 3 5 0 2 6 8 4 5 6 4 5 1 4 2 0 4 1 4 6 0 8 7 4 2 5 3 9 8 2 1 7 7 8 7 0 5 7 4 0 4 8 7 7 4 9 7 8 2 3 6 3 2 6 7 6 1 0 7 1 5 0 8 2 9 8 2 4 5 8 6 9 7 3 6 1 4 6 2 7 9 8 0 3 6 7 2 7 0 1 1 5 2 1 7 1 9 0 7 5 0 3 6 7 6 5 1 0 1 5 9 0 5 9 6 2 9 8 1 9 9 2 4 1 6 3 4 5 5 1 2 6 4 1 5 2 6 6 5 7 3 4 9 9 6 7 1 5 5 2 4 7 7 0 8 3 5 5 0 1 6 5 9 3 6 4 5 2 3 2 1 6 9 2 7 5 0 8 0 7 3 6 4 0 8 5 
285 3 0 5 6 8 2 7 1 8 4 9 2 7 1 5 5 0 8 3 5 0 1 7 9 6 3 4 8 3 1 3 9 3 1 7 1 3 5 3 2 9 2 6 8 3 2 3 6 2 8 1 4 2 1 3 8 4 9 7 0 2 0 9 5 3 8 7 7 5 0 1 4 4 7 4 7 1 8 5 5 6 7 9 0 8 5 9 4 4 6 6 9 8 7 4 4 6 1 1 1 3 4 8 7 3 2 7 5 2 2 0 1 9 2 1 9 7 0 6 3 8 2 2 9 0 7 3 6 0 6 9 4 2 7 1 5 0 8 2 4 1 5 5 2 7 7 4 4 9 0 9 8 2 4 9 2 1 4 0 3 0 0 7 2 9 1 9 1 9 2 6 2 7 1 5 4 0 1 0 0 1 1 0 3 5 9 8 8 3 0 2 5 2 9 9 4 2 8 5 2 0 1 6 7 5 3 3 5 4 5 7 5 7 9 1 2 8 1 1 3 1 3 0 6 4 9 0 7 0 5 1 0 9 7 0 6 3 5 3 7 1 1 3 8 0 6 0 1 7 3 6 0 8 9 6 3 0 8 2 0 6 3 3 5 2 5 1 5 0 4 5 3 7 0 3 0 6 6 3 5 9 9 5 8 8 
64 3 1 4 5 1 0 0 4 5 4 1 8 0 2 5 7 7 2 7 1 2 3 7 5 8 6 7 5 6 7 1 9 8 6 6 2 6 6 8 4 1 0 2 3 4 9 0 1 2 9 2 6 2 9 4 2 8 3 7 4 2 9 4 3 
267 0 5 3 9 3 9 2 3 4 7 7 3 9 1 7 8 3 4 0 5 0 4 3 5 1 9 7 2 5 0 9 6 7 5 7 1 4 9 6 8 8 6 4 7 7 1 5 2 7 7 7 7 1 2 4 4 2 4 9 9 4 8 5 2 5 4 5 2 5 1 2 3 7 6 0 6 8 7 9 5 4 8 5 7 3 9 2 5 5 1 6 0 1 2 4 9 8 9 1 4 2 5 7 0 2 0 8 0 7 7 7 4 6 2 3 9 4 7 6 9 8 2 1 2 6 7 3 5 6 6 1 1 1 8 3 3 8 1 5 6 9 5 2 7 9 5 8 3 3 6 5 3 0 8 7 7 6 0 4 4 6 5 7 0 5 0 5 4 2 1 2 1 6 6 0 5 1 8 1 6 6 8 0 6 8 9 5 6 0 9 3 8 6 0 0 4 1 6 8 3 9 2 6 7 0 8 4 1 8 5 0 4 5 0 0 6 9 6 2 1 7 5 2 6 8 2 0 9 0 0 4 9 2 0 6 2 8 1 5 8 8 5 2 6 7 2 2 9 0 6 0 0 2 4 6 0 9 6 1 9 6 5 9 0 7 7 4 
277 8 9 5 9 7 7 5 4 1 7 3 2 5 6 2 9 2 0 1 1 6 2 1 4 7 2 4 4 9 8 1 8 9 8 9 6 5 4 3 7 3 6 1 8 4 5 8 7 5 9 8 1 4 1 5 3 3 1 8 3 9 1 3 8 0 2 7 7 8 0 4 1 8 7 1 3 2 1 2 7 1 0 0 7 4 7 0 7 8 0 2 9 2 7 0 4 9 7 3 9 9 0 0 7 7 4 2 2 5 4 1 8 7 2 5 1 1 6 0 2 6 3 3 0 0 3 6 2 2 0 1 1 0 4 1 7 8 3 1 3 0 3 2 7 7 7 8 0 3 8 2 2 3 6 2 4 1 9 8 4 9 9 7 1 3 8 0 1 4 2 7 4 5 9 1 2 8 1 2 4 1 7 6 5 5 0 1 6 9 9 0 0 8 0 1 4 8 2 7 2 6 4 8 1 5 9 5 6 2 9 0 4 8 8 9 3 8 2 0 0 1 2 2 1 2 6 7 1 0 5 5 6 9 4 7 7 5 4 3 8 5 3 2 4 3 3 7 3 5 7 5 8 0 8 1 2 4 9 5 6 4 3 2 5 7 1 2 4 5 7 2 0 2 4 4 5 9 
104 1 6 1 6 4 3 4 6 8 0 7 5 6 1 8 0 8 7 1 3 2 8 0 4 9 3 1 5 0 0 1 1 7 5 8 3 8 4 1 8 7 8 4 5 1 2 6 0 0 9 3 2 8 5 8 9 0 9 6 1 2 8 4 1 3 4 4 3 9 6 2 8 6 8 3 8 2 1 0 2 1 5 6 9 0 7 0 1 6 6 4 8 4 0 9 9 5 6 5 6 4 7 4 0 
157 9 0 9 1 0 4 2 5 2 3 8 9 3 1 6 1 7 6 8 7 8 7 4 4 2 0 0 1 6 0 8 8 1 0 9 3 4 3 1 8 8 9 8 3 0 6 4 9 2 2 6 2 0 1 8 4 3 8 8 2 9 6 0 2 8 1 7 4 4 8 3 4 9 1 7 1 7 1 0 1 4 7 6 6 0 4 2 5 3 0 9 2 9 9 6 7 2 3 2 6 4 5 2 3 8 9 5 7 1 7 0 7 4 6 3 6 1 5 4 4 8 3 8 7 3 6 4 7 1 8 4 5 5 8 1 3 8 8 2 9 5 3 6 2 1 1 0 2 8 4 8 6 8 8 3 3 4 
130 0 6 8 6 3 4 5 4 9 3 2 2 4 0 7 2 2 8 5 2 3 3 7 1 2 7 0 7 0 6 7 2 2 6 9 6 2 6 2 3 9 7 5 5 7 4 7 1 5 2 3 8 7 2 1 9 9 3 7 1 0 6 6 4 4 5 0 6 3 5 0 4 2 7 9 1 4 8 2 9 0 5 7 9 0 8 1 1 4 0 5 4 6 1 8 1 8 1 9 1 6 1 5 0 9 6 1 3 4 3 4 6 0 1 5 0 1 8 2 5 8 9 9 7 0 0 8 0 1 9 
221 9 1 8 9 2 4 0 7 8 3 1 4 3 4 1 6 5 0 0 3 8 9 4 5 9 4 5 1 7 7 2 6 8 2 5 2 6 5 1 6 0 4 0 4 8 1 2 5 1 2 8 2 1 5 9 2 9 5 3 7 4 7 3 4 9 1 6 5 8 9 1 9 3 3 5 3 6 7 8 0 9 9 2 2 6 3 4 5 0 9 4 4 6 8 8 5 1 6 2 9 5 5 8 8 0 5 3 6 4 4 8 3 5 0 7 1 6 1 6 6 0 1 1 8 1 1 5 4 8 9 3 3 4 4 4 6 9 7 5 4 3 3 9 8 6 7 9 2 0 8 0 3 1 1 1 2 5 7 6 3 6 1 8 3 5 2 9 7 2 6 3 5 0 2 4 6 1 5 0 2 3 0 5 4 4 8 6 9 5 4 2 4 6 0 7 3 5 8 0 9 5 3 4 7 8 0 3 9 6 3 3 9 5 0 4 9 9 2 8 6 9 
152 0 7 5 9 0 0 0 3 9 7 8 5 4 6 6 9 8 2 4 3 1 9 6 7 9 5 2 9 3 1 2 4 8 7 5 0 9 5 5 0 2 4 5 8 2 1 7 2 5 1 6 9 3 2 6 2 9 8 1 4 1 5 0 9 4 6 2 3 3 7 3 8 3 1 6 6 2 4 0 0 7 6 9 0 0 7 4 1 8 8 6 9 3 6 1 8 4 3 3 8 2 9 6 6 0 2 4 4 8 4 4 8 3 3 8 5 3 3 7 1 3 5 0 6 3 1 6 8 6 2 8 1 1 4 7 1 8 3 5 9 7 0 7 0 5 7 8 8 2 5 1 5 
162 2 4 5 5 2 5 4 4 3 5 5 9 4 6 0 7 4 9 4 6 8 7 3 5 5 4 0 2 5 5 6 7 1 3 5 4 9 9 8 4 4 6 6 0 4 6 7 8 5 3 6 5 2 0 0 9 4 2 3 9 8 9 9 1 3 6 5 4 5 6 0 1 2 6 1 8 2 0 9 9 3 5 4 6 7 7 5 1 9 9 3 9 0 4 1 5 2 8 1 7 6 2 0 0 8 3 9 3 3 8 4 6 3 9 4 3 8 2 6 9 3 9 1 3 5 4 1 7 2 2 6 1 4 8 1 5 1 0 0 4 8 4 3 4 5 9 7 3 1 3 5 6 5 6 2 2 2 3 2 6 5 0 
147 2 9 9 9 2 9 9 9 0 3 4 4 9 3 3 4 7 8 1 3 5 9 5 8 1 8 2 8 6 2 5 8 3 4 7 6 6 8 5 6 1 1 2 2 4 5 9 1 5 0 7 1 2 2 1 3 3 3 1 9 7 9 9 1 3 8 9 9 6 6 7 9 7 9 2 3 6 3 7 2 5 4 5 7 8 8 1 1 1 4 2 0 3 3 3 9 1 2 0 7 0 8 7 7 9 1 3 6 4 0 0 1 4 7 9 2 5 2 6 8 6 0 0 0 4 4 1 7 8 1 5 9 1 4 8 1 7 1 9 1 3 1 2 7 8 3 2 
225 5 8 3 2 0 5 4 4 9 7 2 0 8 9 9 0 5 9 1 2 3 2 5 6 3 9 6 1 3 8 6 0 8 1 4 0 6 0 7 8 7 1 8 6 0 9 8 7 0 1 9 3 3 6 2 6 5 0 7 0 8 5 1 8 8 7 8 6 8 5 6 5 8 4 3 8 5 1 7 6 2 8 1 5 4 3 1 2 3 0 4 3 7 7 3 7 5 4 6 3 1 2 0 0 9 4 0 4 5 8 0 8 6 2 5 3 7 7 5 3 9 9 8 9 7 2 6 2 6 2 7 9 5 7 9 4 1 0 0 9 8 1 7 6 5 4 9 2 3 4 7 3 6 6 2 3 8 0 7 6 3 4 5 0 1 7 6 5 7 6 4 7 9 3 5 4 7 7 9 1 1 6 6 9 4 8 4 4 8 1 2 3 7 0 3 9 7 1 6 6 8 0 5 9 5 0 4 2 7 5 5 1 3 1 2 0 1 7 4 2 8 7 5 6 7 
271 7 4 4 5 2 4 7 7 4 2 9 0 6 9 5 2 0 0 5 2 0 9 1 5 1 0 4 8 8 3 9 5 9 6 2 1 0 9 8 4 1 9 4 9 8 1 1 0 4 9 3 4 8 4 1 1 6 7 9 4 0 1 1 9 7 3 0 7 4 0 2 5 0 8 5 0 2 8 1 6 9 6 2 9 2 6 0 9 3 0 5 4 3 9 3 0 4 6 7 9 8 1 6 8 2 3 1 4 4 2 2 3 8 4 5 0 0 5 1 6 7 7 0 0 8 5 2 2 3 2 3 2 3 0 2 7 5 3 3 9 7 5 5 5 2 0 6 4 7 9 0 7 6 2 7 6 0 0 9 3 2 4 7 7 4 2 7 2 7 0 1 5 8 8 0 2 0 8 6 8 8 7 5 6 1 4 3 1 6 4 7 0 8 6 0 5 8 7 7 6 9 0 1 9 9 3 1 9 2 8 9 0 7 6 8 8 3 1 2 9 7 9 0 6 5 2 1 6 1 8 2 0 8 5 2 9 8 3 1 0 3 0 2 0 7 3 1 0 6 3 1 4 4 3 0 1 5 3 7 6 3 1 9 3 8 1 3 7 4 4 9 
268 6 4 0 5 7 1 7 3 6 9 7 2 2 9 6 0 4 5 6 9 7 7 3 7 8 8 4 5 4 4 3 0 8 5 6 7 9 3 0 7 4 0 0 7 1 6 9 6 1 5 7 0 3 0 8 3 8 4 8 4 0 3 5 8 9 3 7 8 6 8 7 3 0 7 0 1 5 1 9 9 6 7 9 1 9 9 7 0 4 5 4 4 9 9 5 0 2 2 0 1 2 7 4 2 7 6 6 2 9 7 1 5 4 3 9 4 4 6 4 0 3 0 5 4 0 2 4 4 6 6 7 1 4 3 3 1 1 1 5 0 9 7 8 3 2 9 9 6 7 5 7 0 6 4 5 8 8 1 2 4 8 2 5 2 5 1 5 9 2 0 9 1 9 9 7 3 8 8 0 5 4 9 6 2 3 3 0 3 6 4 7 4 6 5 8 4 8 3 3 0 6 4 4 7 4 3 1 2 1 3 0 7 2 8 9 7 1 9 0 7 4 9 4 2 4 2 6 2 8 1 5 6 6 1 5 2 4 6 4 5 9 6 5 3 4 4 0 7 6 2 7 2 2 1 4 8 5 3 3 5 4 8 1 2 1 7 4 5 
155 1 2 7 9 7 0 4 4 3 1 0 5 8 2 9 1 6 8 7 1 1 2 6 1 6 0 2 5 7 7 0 0 1 9 9 9 2 5 3 5 7 3 2 7 7 2 9 3 2 6 5 3 0 3 4 6 5 6 1 4 5 4 4 6 3 6 7 5 1 2 2 8 7 7 6 4 1 7 0 3 3 7 6 3 0 2 2 7 8 5 2 5 9 8 1 5 4 1 0 8 3 5 6 1 2 4 5 3 1 5 6 6 4 4 2 6 6 4 4 6 9 8 1 1 6 4 6 3 5 8 1 9 5 9 2 7 6 9 2 9 7 0 6 1 4 0 8 2 4 2 8 5 0 1 8 
208 6 4 1 3 5 4 2 0 4 6 0 0 6 4 9 3 5 7 4 9 7 2 4 1 6 2 9 8 6 7 7 2 4 0 7 1 5 2 3 9 8 5 1 4 0 0 7 5 8 4 6 7 6 0 1 5 5 0 3 1 9 2 5 5 3 2 8 0 6 2 9 5 7 2 9 9 4 9 4 2 3 3 2 1 3 3 6 0 3 0 3 4 2 0 2 7 3 0 7 9 2 8 6 2 0 6 1 5 7 8 9 0 1 1 1 6 4 8 7 9 0 0 4 2 1 6 0 6 6 7 7 1 6 6 5 8 2 8 3 1 6 3 1 7 6 4 6 1 2 3 0 2 5 6 7 8 4 7 6 3 6 6 4 4 2 1 3 4 9 6 5 6 1 8 5 8 2 1 1 7 6 1 1 4 0 8 2 4 7 1 7 4 7 3 0 9 4 3 5 4 2 2 2 5 0 7 3 4 
211 6 1 7 0 5 3 0 3 8 4 3 9 4 9 6 9 9 5 4 5 2 0 7 4 2 4 6 9 0 0 2 6 4 2 6 9 5 6 4 3 3 9 2 9 8 0 8 8 7 2 5 9 4 4 3 6 8 9 8 8 2 0 5 8 4 3 9 0 0 3 5 5 5 0 4 3 0 4 3 8 9 8 7 3 2 3 0 3 4 0 1 6 2 8 6 7 2 5 9 4 1 4 9 6 6 5 9 7 9 5 7 8 3 6 2 8 9 4 1 6 6 2 4 8 3 1 7 5 6 6 9 9 3 8 5 9 5 7 8 4 2 5 3 7 4 7 5 5 3 8 1 9 3 6 7 6 7 5 3 5 3 2 5 6 2 2 8 7 1 8 1 3 4 6 3 0 5 0 5 8 9 7 7 4 3 5 0 2 2 3 7 7 7 4 4 9 7 4 8 8 2 1 4 8 0 9 8 5 9 6 4 
220 3 1 4 8 8 6 2 0 1 9 8 8 6 4 9 5 0 9 3 2 1 9 3 1 0 3 6 0 9 0 2 2 4 9 2 2 5 4 5 9 6 5 7 2 1 9 7 1 8 2 5 1 4 8 2 4 2 1 6 1 3 1 6 7 0 0 0 7 5 5 6 3 2 6 5 3 7 4 4 5 6 1 9 0 0 1 7 4 4 3 5 8 4 3 5 6 4 7 4 1 4 2 4 6 0 1 9 7 5 5 5 1 7 4 4 9 7 1 3 2 6 0 2 1 4 7 9 0 5 3 1 1 6 7 8 8 8 9 6 3 5 1 6 4 7 0 3 4 3 6 8 2 6 0 5 2 8 4 4 5 8 5 8 6 4 6 4 2 6 2 7 3 5 4 9 2 6 2 7 0 0 7 2 8 8 7 1 8 3 5 3 1 3 3 9 9 0 6 2 8 8 9 3 4 5 2 8 2 6 5 4 6 3 8 4 3 7 7 1 0 
45 6 2 0 9 3 9 1 9 1 9 0 3 4 6 8 6 4 2 2 2 6 0 7 4 5 0 1 4 1 2 9 9 6 9 8 9 1 0 1 2 1 3 7 6 9 
298 2 5 0 7 7 7 7 6 1 4 6 3 1 9 7 0 8 3 2 9 4 3 9 7 7 0 0 7 8 1 5 3 7 5 0 6 2 9 3 6 6 1 1 7 1 8 9 1 1 1 0 7 6 1 5 6 4 7 3 2 9 8 5 8 3 7 6 8 7 9 4 3 3 5 0 6 5 9 7 8 3 0 5 1 3 0 7 7 0 0 0 9 8 7 7 4 5 3 2 2 5 8 7 0 5 9 6 0 0 5 8 5 7 5 7 1 8 4 8 8 5 0 9 5 8 8 9 3 3 3 7 8 1 6 8 8 5 6 0 7 2 0 3 9 6 0 2 4 4 1 4 1 3 3 7 1 1 8 6 4 2 5 5 5 1 5 6 8 2 6 6 6 7 9 7 3 9 0 9 5 3 5 9 6 8 8 0 1 6 8 5 0 6 2 8 9 8 4 8 2 0 4 0 7 5 7 2 6 9 3 3 2 8 2 1 6 0 1 9 9 1 7 9 7 9 7 7 9 3 5 3 4 1 3 3 8 3 6 6 4 9 9 9 0 4 0 8 4 3 8 5 4 5 5 4 6 4 1 6 8 8 1 4 1 7 7 1 2 5 7 6 7 6 5 7 0 5 7 7 8 5 2 5 2 9 9 9 6 2 7 6 0 8 0 3 5 9 4 
47 7 1 6 4 9 1 3 2 9 0 9 7 8 3 4 0 5 3 9 1 5 8 7 7 7 9 0 4 8 4 4 5 7 0 1 7 3 6 9 2 9 0 2 7 5 6 9 
280 2 1 3 9 9 2 9 6 1 9 3 0 6 7 7 5 9 1 2 2 7 3 7 6 5 9 5 1 7 5 3 1 8 7 1 7 1 2 6 3 1 9 5 9 8 2 7 9 5 1 3 3 5 0 1 2 1 9 5 9 6 9 0 4 8 3 1 9 5 7 4 9 8 9 0 8 4 7 7 9 9 1 4 6 3 6 8 5 7 4 4 3 5 6 9 3 2 2 4 7 0 9 8 0 0 9 9 4 8 6 4 7 9 8 3 3 6 4 8 3 8 4 8 3 0 7 8 2 0 4 2 2 5 0 4 6 1 3 0 0 2 6 7 1 5 3 4 3 7 2 7 7 8 7 2 9 7 2 3 9 6 7 1 4 0 5 0 1 1 0 3 3 7 3 4 4 8 1 7 7 5 6 4 4 4 8 5 1 0 0 2 8 8 3 2 0 0 4 3 3 5 7 6 4 0 3 8 8 6 7 5 1 4 1 5 0 9 2 3 1 3 5 1 3 0 6 3 2 2 6 6 9 3 4 3 5 9 3 5 5 3 2 7 7 3 4 9 4 7 2 7 0 9 1 3 9 9 6 1 1 4 9 1 8 4 4 5 5 0 1 1 3 3 8 2 9 2 1 5 1 
195 3 1 4 6 6 5 5 2 8 6 9 0 7 7 4 4 4 1 6 5 2 9 1 2 3 0 7 6 5 8 1 0 0 7 6 8 4 1 3 2 0 2 2 9 9 8 3 3 0 1 1 4 2 2 7 5 4 4 1 9 2 4 2 4 1 8 3 5 2 6 0 2 8 4 1 9 5 7 4 5 8 7 1 1 9 8 8 5 4 0 7 7 4 9 3 8 9 6 3 1 4 5 3 4 0 7 3 5 4 0 2 2 7 3 5 9 4 4 4 8 6 1 7 0 2 1 8 2 9 4 3 6 9 9 0 1 6 6 6 0 6 0 4 5 6 0 4 0 6 1 8 2 4 8 4 7 9 3 9 0 9 2 6 8 1 7 0 9 5 8 9 3 9 4 8 5 6 5 7 4 6 7 6 0 5 0 7 4 5 8 5 4 3 1 5 
196 0 5 6 5 5 5 8 6 1 9 3 9 4 0 3 2 8 1 2 3 2 2 0 9 2 7 4 5 0 9 2 1 6 0 8 1 5 9 0 9 8 3 8 4 4 4 6 2 5 0 7 9 4 7 9 7 6 5 4 7 6 8 8 2 8 8 5 6 7 5 5 7 9 5 3 5 1 9 9 7 2 6 8 8 6 9 7 2 4 2 9 0 2 9 4 1 0 2 9 9 9 6 7 0 1 0 5 3 2 4 2 6 3 0 4 9 0 2 3 6 6 3 9 8 4 5 1 4 9 0 4 9 6 3 1 0 3 7 5 7 3 7 5 6 9 0 7 1 4 1 0 0 6 9 8 0 4 0 5 4 2 1 5 9 4 6 1 9 5 6 7 9 5 2 7 6 4 7 8 8 8 8 8 6 9 9 6 5 1 3 1 3 4 6 4 0 
205 5 0 0 1 9 1 8 3 9 5 8 6 3 6 6 3 7 2 4 6 0 9 9 6 1 2 2 9 9 3 4 4 3 5 8 4 6 6 7 7 1 5 5 6 4 1 1 1 5 5 9 8 7 8 4 8 2 8 7 1 1 2 6 6 9 6 0 5 2 8 3 6 5 0 4 9 2 8 2 9 3 1 7 0 9 3 0 2 4 8 5 7 2 1 4 1 7 6 8 2 6 3 0 4 4 4 3 6 2 6 7 8 9 7 0 9 0 3 3 4 1 8 2 5 2 8 6 1 6 4 5 5 8 5 9 2 2 4 0 6 2 9 4 2 6 7 3 7 0 8 3 3 8 7 0 2 7 6 4 6 2 9 1 2 7 2 6 9 8 8 5 1 8 2 5 4 1 0 3 3 0 9 8 8 6 8 1 6 6 7 2 8 8 3 3 5 7 1 6 7 0 4 0 0 8 
45 4 9 7 0 2 7 9 2 6 7 0 9 3 6 8 5 4 6 0 9 4 9 1 2 7 3 6 7 3 4 5 7 5 2 9 9 0 0 1 8 8 1 9 3 7 
7 9 4 5 1 5 1 1 
226 6 0 9 2 7 2 9 2 2 6 7 3 6 9 4 9 7 2 3 8 5 2 7 6 6 4 0 4 6 3 0 2 3 2 6 0 6 7 5 0 4 2 4 2 3 8 3 0 2 6 0 9 9 9 8 7 3 8 1 1 1 4 5 4 6 4 6 4 1 3 5 7 7 1 9 0 9 5 2 3 1 4 2 0 3 0 0 7 0 1 8 1 5 6 7 3 0 6 0 1 9 5 1 9 6 2 9 7 7 4 2 9 8 4 1 2 7 1 1 7 3 9 1 0 7 8 6 7 4 6 1 6 3 2 5 1 4 6 0 2 2 2 3 1 8 4 5 7 6 6 5 1 7 8 1 5 8 9 2 3 5 3 1 0 7 8 3 2 4 3 6 9 7 9 0 6 3 5 3 9 1 0 0 8 0 4 5 9 3 8 2 1 3 5 3 3 3 7 5 9 2 3 8 0 2 0 8 7 5 3 7 8 6 9 9 6 5 4 5 9 4 9 2 0 4 5 
253 9 4 0 1 7 3 1 9 7 2 9 4 9 2 1 8 8 3 9 7 8 3 2 9 0 4 1 0 0 9 5 0 5 5 3 2 0 4 3 7 6 2 1 8 7 5 8 7 0 7 4 8 2 9 0 2 3 3 4 3 2 9 5 8 4 8 2 4 3 8 3 1 2 5 9 1 2 7 9 2 4 5 2 9 6 2 1 9 6 6 5 0 7 2 0 2 1 5 8 6 5 4 9 7 9 9 1 1 8 2 5 5 7 7 4 4 2 7 5 0 5 2 2 3 7 3 7 8 0 7 6 5 1 5 4 2 6 5 5 7 7 0 2 7 0 8 3 2 5 0 2 3 5 4 8 2 9 5 2 9 4 0 6 6 7 3 8 4 0 6 3 0 6 7 7 6 5 2 0 2 4 4 7 9 9 5 3 0 2 5 2 7 7 8 3 5 3 3 1 4 9 4 4 8 1 3 6 6 7 7 0 1 1 8 3 2 3 6 3 6 4 5 5 1 5 0 6 9 3 7 5 5 3 9 5 4 4 1 2 1 0 5 2 2 3 7 6 8 4 1 6 0 6 
121 1 4 1 0 5 7 7 0 2 1 1 9 7 5 0 0 8 1 7 2 5 0 0 1 0 6 3 7 6 1 8 7 7 0 7 4 7 7 4 1 0 7 0 7 2 2 9 2 3 6 5 0 8 5 4 9 1 9 6 9 2 4 6 2 6 6 6 3 3 1 6 3 8 6 2 3 9 2 7 4 0 2 7 9 9 3 8 2 2 4 1 6 0 0 8 7 6 5 2 9 8 9 4 6 7 6 1 8 0 1 5 1 3 2 0 5 5 0 7 9 4 
39 5 6 9 6 3 7 1 8 8 9 7 2 7 6 0 1 5 1 2 0 4 5 4 6 0 1 6 0 0 2 1 7 8 2 3 4 9 4 2 
17 5 1 1 3 7 3 6 4 4 8 4 0 5 8 6 8 9 
252 8 1 4 1 9 5 3 4 9 2 1 3 1 6 4 4 1 3 7 7 8 4 7 4 4 3 3 3 1 4 5 1 8 2 2 9 7 5 3 6 9 4 1 2 3 7 6 6 0 5 6 0 9 3 5 6 6 0 9 9 6 4 0 4 8 2 3 5 9 9 3 8 5 4 2 0 1 8 7 4 4 3 4 5 8 1 1 7 3 2 6 0 9 9 6 7 3 2 3 3 1 8 3 6 3 8 7 4 6 6 0 2 1 5 0 9 8 3 8 2 6 5 4 7 6 2 4 9 4 9 4 5 8 0 4 3 8 3 7 6 9 0 1 2 7 1 1 5 6 0 9 2 7 3 1 5 6 6 4 2 7 1 0 5 3 4 8 1 9 8 9 8 8 0 0 5 3 3 2 0 5 2 4 4 7 6 9 5 4 6 8 1 9 8 9 2 4 9 3 3 7 2 3 7 5 5 4 8 8 9 0 6 1 5 2 8 3 2 4 7 0 4 0 9 2 9 1 6 9 6 9 8 0 2 8 5 7 2 6 7 1 6 5 4 3 8 5 8 2 1 5 2 
295 8 3 7 7 4 5 6 0 4 7 2 8 5 8 7 9 4 6 3 2 2 7 8 2 2 6 4 5 4 8 0 2 1 7 1 7 4 0 9 8 7 1 8 2 1 7 3 5 4 6 0 8 6 0 0 0 6 6 6 2 6 6 4 7 6 6 6 0 6 5 1 5 8 9 9 0 7 2 7 3 1 7 1 7 7 3 7 6 9 3 8 5 2 5 4 8 1 0 0 9 7 1 4 5 3 3 5 2 7 3 7 8 2 8 5 2 3 5 8 4 0 8 1 2 3 7 2 4 7 3 5 6 6 9 3 1 4 1 3 2 4 0 0 8 0 8 0 3 3 0 9 3 9 0 8 2 7 0 9 6 5 4 4 2 6 8 3 0 9 9 4 5 1 7 5 2 5 6 7 0 8 9 3 9 9 3 2 9 4 3 5 9 7 0 3 5 0 9 6 9 0 2 6 1 9 1 5 6 9 5 8 8 4 2 7 3 7 1 2 1 4 0 3 4 2 8 9 2 7 7 3 7 0 9 1 1 0 6 0 0 1 8 0 5 2 9 1 0 3 5 3 9 5 6 3 9 5 3 1 4 2 4 4 4 3 5 6 6 1 8 8 5 6 0 2 1 1 3 1 4 1 4 4 8 3 9 8 8 4 9 4 7 6 8 1 
161 3 9 7 7 7 7 2 6 7 4 7 1 0 0 5 1 4 1 9 9 1 7 9 7 9 4 4 7 2 8 8 8 7 8 5 7 5 9 5 5 3 2 8 5 2 3 6 8 7 8 8 0 7 7 7 6 3 4 3 6 2 4 6 1 2 1 0 9 0 5 6 5 9 4 3 1 0 1 2 7 9 2 9 7 1 6 5 5 2 9 3 6 5 9 8 7 2 0 6 4 6 5 1 5 9 4 9 1 6 3 0 5 5 9 4 6 8 0 3 0 1 6 7 6 7 7 5 9 9 3 3 5 8 5 3 0 1 4 1 7 7 2 5 4 1 9 2 9 1 6 2 2 4 9 0 2 8 5 3 7 9 
189 5 7 4 0 7 5 4 1 5 3 3 0 9 6 1 1 6 3 9 0 5 4 9 8 8 9 3 1 6 2 2 3 2 6 3 1 4 9 2 1 2 7 1 1 4 2 5 2 7 4 2 5 0 3 3 8 2 6 2 0 1 4 4 5 3 7 8 9 7 1 0 1 0 3 3 4 7 8 6 5 4 8 0 5 1 5 5 5 3 9 6 4 6 0 1 9 7 0 0 6 3 0 8 3 3 3 8 0 3 6 7 7 7 7 4 0 2 0 6 6 1 2 2 7 4 4 8 1 6 8 0 9 0 8 4 5 3 2 6 6 1 5 5 8 3 0 8 7 2 4 5 3 8 8 1 2 4 9 6 2 0 6 1 0 6 5 8 9 0 6 7 3 1 2 1 4 2 1 4 4 8 9 8 6 9 1 9 5 2 
37 7 4 3 0 7 1 8 5 2 0 1 9 3 2 1 4 9 4 7 3 0 5 4 0 2 6 1 3 1 6 0 9 0 5 1 7 6 
149 2 8 9 3 7 2 8 0 8 7 4 6 2 7 1 6 7 5 2 1 8 6 7 0 5 7 5 6 7 3 8 9 3 7 5 0 2 3 3 0 0 9 8 2 6 0 0 4 5 5 7 6 1 4 6 8 3 2 6 0 7 4 0 1 4 5 3 6 8 6 8 0 6 7 4 2 9 4 8 6 1 5 2 4 1 1 4 5 3 1 5 0 7 7 3 1 4 7 9 4 3 8 6 9 7 0 4 6 7 2 4 0 8 9 5 1 0 9 6 3 2 4 5 0 3 9 1 0 8 3 6 1 1 3 3 0 3 7 6 2 9 2 3 9 1 0 1 1 9 
29 6 2 3 2 4 9 3 5 9 1 0 5 4 1 0 7 1 4 4 9 8 6 2 1 5 3 1 8 7 
143 8 3 7 3 7 1 2 2 8 3 5 9 1 0 2 1 7 4 7 2 5 8 8 9 9 5 5 3 4 2 8 4 5 5 9 5 6 4 7 6 7 3 5 0 3 8 4 2 4 1 6 1 9 6 1 1 2 6 6 8 0 4 4 7 1 3 2 9 7 2 5 7 5 1 7 0 1 1 2 5 5 9 6 6 5 9 9 9 7 5 9 7 1 3 7 2 7 1 1 6 3 7 3 0 0 3 0 1 4 5 6 1 6 4 8 3 4 7 3 3 5 4 1 6 8 0 1 7 1 2 3 7 1 7 7 1 0 0 2 6 7 0 0 
113 7 0 6 1 9 1 4 4 6 7 3 6 9 4 3 1 6 6 8 8 5 7 1 7 9 4 4 6 6 4 9 3 6 8 6 5 1 3 0 9 2 3 5 2 7 0 3 5 9 3 5 4 2 7 2 2 3 8 8 9 4 0 5 0 0 1 5 1 6 7 3 9 0 0 1 9 1 6 7 0 1 2 6 3 9 8 7 2 6 6 4 0 8 9 2 8 2 8 9 9 5 4 0 8 5 1 7 6 7 6 8 0 9 
154 3 0 5 3 5 1 9 9 4 7 0 6 7 4 6 6 5 2 1 5 0 8 6 9 4 5 6 4 7 7 8 3 7 5 6 2 9 7 3 5 4 5 1 3 0 0 1 5 2 2 3 4 2 1 5 6 9 3 2 6 0 3 9 0 8 5 2 7 2 8 2 8 3 6 1 3 6 3 1 0 7 4 6 0 7 3 8 6 9 3 3 1 6 4 1 6 0 6 4 4 4 8 5 7 6 6 3 4 1 6 6 1 2 4 3 9 8 1 6 7 6 1 8 2 5 2 9 7 8 5 2 4 5 7 1 4 5 6 8 7 2 7 0 4 1 3 4 9 6 2 8 3 3 7 
197 8 1 6 6 9 3 0 3 1 7 6 5 2 5 3 1 7 0 1 2 4 6 8 3 3 0 2 6 3 1 3 1 4 2 9 3 7 9 8 8 8 6 3 3 1 9 4 1 1 8 3 5 4 1 9 9 1 3 5 6 6 1 9 0 3 9 5 0 0 5 1 9 1 4 2 5 3 8 6 5 6 1 0 3 4 1 2 5 6 0 3 2 1 2 2 6 1 9 8 2 4 9 1 8 6 5 3 9 3 1 6 0 2 9 5 6 0 9 3 9 9 6 1 2 0 6 0 2 5 1 6 2 0 9 0 6 4 5 8 7 6 6 9 0 5 6 8 8 6 1 7 7 9 8 0 9 6 2 3 2 3 1 6 6 2 6 2 6 1 2 6 9 9 7 9 4 4 7 2 2 0 1 9 1 0 1 2 6 4 6 0 7 9 6 3 2 4 
148 0 7 0 8 6 1 8 5 8 2 4 0 4 6 2 5 7 4 7 0 2 1 8 5 0 9 3 6 1 0 4 4 7 6 4 4 8 2 1 6 6 6 8 2 4 2 8 2 8 7 4 3 8 2 8 0 1 3 6 5 3 0 1 1 9 5 7 7 0 8 5 6 6 5 9 1 0 9 5 8 6 9 1 6 1 1 6 4 7 3 9 0 5 2 3 4 0 0 3 0 9 8 6 5 6 7 8 6 6 3 4 4 2 8 0 5 9 7 0 6 0 1 9 7 4 2 2 4 3 5 6 4 6 2 1 2 2 0 8 0 5 4 5 8 2 5 5 4 
262 5 2 4 9 3 2 5 6 6 1 1 3 7 7 9 1 8 3 3 0 1 4 6 8 9 6 0 6 1 6 9 9 1 5 8 4 9 3 2 5 4 5 1 3 2 0 4 1 4 8 1 7 4 7 5 5 5 8 1 7 6 2 6 7 8 6 2 9 9 6 7 5 2 8 8 4 8 4 5 4 4 9 2 8 8 9 3 4 7 7 3 4 9 1 3 9 7 7 9 6 4 8 3 6 6 3 2 6 7 0 1 2 9 5 0 9 4 6 3 4 3 8 0 4 9 3 4 6 1 3 4 7 3 7 5 9 2 7 5 0 7 8 2 8 5 4 8 2 2 3 6 7 2 6 2 1 1 6 0 2 1 4 1 4 4 6 5 6 4 2 6 3 1 0 4 8 7 4 0 9 9 6 7 1 4 1 5 8 7 7 0 0 1 4 6 7 0 1 4 6 3 2 2 6 3 6 5 0 2 5 1 1 4 0 5 0 1 2 8 8 9 1 0 2 5 6 0 7 7 6 4 3 8 6 9 3 4 6 5 6 4 7 7 0 7 2 2 1 4 1 9 5 4 2 8 1 8 0 8 8 6 4 
243 6 0 4 0 6 1 5 2 7 4 0 7 4 4 9 5 1 2 6 6 8 8 4 9 9 6 0 9 2 6 2 9 7 8 1 5 1 6 8 8 3 0 5 7 4 5 2 5 9 0 4 8 9 0 7 0 7 9 9 9 6 3 0 5 3 1 0 5 0 0 3 3 0 9 0 7 6 4 2 7 4 8 5 5 9 5 7 6 4 8 5 2 3 8 7 7 9 0 2 9 0 7 2 3 6 4 0 4 0 4 2 7 3 9 2 2 4 2 8 1 0 5 3 4 5 3 1 5 3 5 6 5 2 9 8 1 5 0 7 6 7 9 5 0 9 9 4 5 1 4 6 2 1 0 6 7 3 9 2 8 4 8 5 6 9 6 9 7 6 7 5 3 6 0 5 7 9 9 3 1 3 1 3 5 1 1 2 6 0 6 4 4 6 0 2 6 6 4 3 4 1 8 8 9 0 3 7 9 5 2 0 8 3 5 5 7 6 9 3 8 5 0 2 2 0 7 0 8 1 5 2 2 5 2 3 5 8 2 4 3 6 7 3 
30 2 9 9 1 0 2 9 8 2 4 2 4 3 2 4 4 7 9 8 4 1 3 9 9 6 5 4 2 2 8 
4 7 9 3 8 
121 8 9 9 2 3 1 9 6 5 3 2 4 2 2 8 6 6 7 7 2 3 2 6 7 2 1 4 3 4 4 4 4 4 4 7 7 7 6 6 3 9 8 7 4 3 6 0 1 5 9 5 8 3 1 8 5 2 2 0 9 7 5 3 1 1 2 0 8 8 8 1 8 7 1 4 2 7 6 3 2 5 8 3 9 1 1 6 6 5 7 5 4 4 0 7 5 3 8 3 1 6 7 1 5 8 7 9 7 3 2 1 1 2 6 2 6 7 8 2 5 7 
109 9 1 1 7 8 4 5 4 8 3 1 1 1 1 9 0 0 4 5 1 5 9 8 7 5 7 8 9 2 7 8 2 9 0 1 9 6 6 3 6 1 6 8 4 7 9 5 7 5 2 1 3 1 9 0 9 8 0 8 1 8 9 5 9 9 6 8 7 4 2 4 7 8 4 2 8 5 7 7 0 9 8 3 2 9 6 3 8 6 2 1 6 1 6 5 2 4 4 9 8 8 5 5 6 9 7 6 4 6 
224 7 7 2 0 2 4 8 5 2 5 9 5 3 2 1 9 4 7 5 6 5 3 3 2 9 3 2 8 9 0 2 6 8 6 9 2 0 7 7 4 4 7 9 8 9 2 9 6 9 4 4 6 7 7 9 8 2 3 6 4 3 8 2 3 7 1 5 9 1 3 4 7 2 5 5 3 8 6 1 9 0 5 6 9 5 7 8 9 0 6 3 5 7 6 9 4 9 4 3 2 9 9 0 1 5 7 5 5 4 6 4 6 4 2 6 1 9 4 0 1 2 6 9 9 4 8 3 5 2 9 8 2 8 8 5 5 7 2 0 1 9 7 8 5 9 6 6 1 2 8 4 4 4 3 4 8 3 9 4 6 8 2 0 7 2 7 2 9 0 5 3 1 2 3 6 3 9 4 6 3 2 3 7 7 6 3 7 0 3 1 8 1 5 0 0 9 9 5 1 9 0 6 0 4 9 8 9 0 2 6 3 7 9 2 4 7 6 3 9 1 7 9 4 4 
51 5 4 1 2 7 0 2 3 3 8 2 3 7 4 6 3 9 5 4 1 1 4 9 4 5 2 1 5 7 6 8 4 2 9 6 9 2 0 2 7 8 6 0 5 0 8 9 9 3 5 2 
244 9 4 9 7 6 2 2 5 0 2 9 2 2 7 1 6 7 5 3 5 1 3 1 1 2 2 2 7 7 7 2 9 1 3 6 9 7 0 7 8 2 8 0 6 6 4 2 3 9 7 1 1 3 2 4 7 6 7 4 5 4 8 4 7 1 2 8 9 4 5 7 9 6 9 7 2 3 2 7 3 9 8 4 2 2 0 9 8 7 6 4 3 4 0 2 8 5 1 9 1 8 8 0 4 7 0 8 1 2 8 6 3 6 2 8 1 2 9 9 0 5 5 5 2 6 0 0 3 3 9 4 1 7 7 8 6 7 8 7 1 6 5 6 5 7 4 6 0 4 7 2 1 3 9 3 9 9 3 4 2 4 8 6 3 7 4 0 4 4 9 7 1 5 4 8 2 8 4 4 4 1 6 6 4 6 1 5 7 7 9 0 1 0 6 5 7 2 5 4 6 4 1 9 1 7 7 4 8 1 8 2 5 7 0 1 5 4 7 2 1 8 4 4 8 0 9 8 2 6 2 1 3 5 2 4 3 0 0 1 3 9 5 0 8 
28 2 5 2 9 7 3 9 2 7 0 4 9 8 9 7 2 2 0 9 4 7 4 4 7 7 0 8 3 
0 
196 1 2 3 5 3 1 0 5 5 9 5 1 8 5 0 8 7 4 0 8 9 7 3 5 5 0 5 3 5 8 2 8 0 5 3 6 8 3 1 5 3 6 9 3 3 1 3 2 6 4 0 5 1 3 0 8 6 6 4 1 4 6 0 6 3 3 2 4 9 5 1 4 3 0 9 6 2 3 8 8 7 9 5 0 4 5 9 0 3 3 2 9 1 2 8 6 7 2 0 6 8 4 0 1 6 0 0 8 5 8 8 2 9 5 2 4 1 3 6 6 6 8 6 7 2 6 6 2 8 8 8 6 2 1 0 9 3 0 9 0 0 0 2 2 5 6 8 8 2 4 5 8 5 3 8 9 9 4 1 7 2 2 6 7 5 8 8 0 0 7 0 0 9 4 2 5 2 2 3 4 7 0 3 2 3 3 3 4 9 5 2 1 7 0 0 4 
98 8 4 8 6 4 0 7 8 5 2 0 7 8 5 4 0 0 8 4 5 2 8 4 9 2 7 6 4 8 0 2 6 4 0 4 0 3 2 8 8 6 0 5 6 7 2 7 9 0 3 4 4 3 0 3 6 8 1 2 8 1 5 4 7 7 1 9 0 5 9 8 3 2 6 0 9 8 9 1 0 2 7 5 5 8 8 3 8 0 6 6 3 1 2 3 0 3 4 
31 0 4 1 4 6 7 6 7 5 5 8 6 7 6 3 4 6 1 8 6 3 4 2 9 7 6 4 9 2 8 0 
252 2 2 8 8 1 4 8 7 9 6 5 8 4 8 3 2 1 1 8 7 7 2 6 6 9 0 5 1 8 8 3 3 2 2 3 3 8 1 0 8 0 7 6 4 7 9 9 9 2 7 8 9 2 4 7 1 6 3 2 6 3 7 9 5 1 5 8 0 6 1 8 6 8 6 3 8 8 2 7 0 1 7 2 3 1 9 6 9 4 8 7 7 8 7 2 9 4 3 9 2 4 9 1 4 6 4 2 6 8 1 6 1 8 8 7 1 0 3 0 4 4 8 4 2 7 8 1 1 1 3 5 5 2 6 0 0 0 2 6 0 6 5 2 4 3 1 6 5 4 8 0 8 8 6 2 5 4 4 8 6 9 4 1 3 0 3 4 3 8 2 5 4 7 9 8 3 0 6 8 7 5 0 5 3 6 8 1 3 4 1 9 3 7 0 8 8 6 2 3 4 7 8 8 6 0 8 1 0 5 2 7 2 4 5 7 3 5 0 6 1 2 5 6 9 7 4 9 3 9 4 7 6 5 7 4 5 6 6 5 3 8 5 7 2 0 6 7 5 7 3 6 1 
268 4 2 6 8 4 1 7 8 1 3 3 8 8 8 6 6 6 1 6 1 0 0 3 7 8 0 6 1 8 9 0 2 1 8 0 5 9 8 4 2 3 9 1 3 0 9 9 6 1 5 9 1 6 4 0 4 4 8 7 2 7 7 4 1 7 6 6 9 4 2 1 0 2 4 3 4 4 5 0 5 0 1 8 8 5 1 4 1 1 2 3 9 1 9 0 9 7 8 8 4 1 1 4 5 6 7 9 0 2 1 7 5 4 7 3 1 8 8 2 0 2 5 1 3 6 3 2 3 1 2 7 4 4 3 9 2 1 0 2 5 3 1 2 7 8 8 8 9 8 2 1 0 7 2 3 5 5 6 1 8 0 8 3 4 2 4 8 5 7 0 2 0 1 7 0 2 5 0 1 3 3 2 3 2 6 6 0 3 4 1 1 5 1 6 1 5 3 0 2 0 2 5 2 6 4 4 8 9 5 9 4 0 3 7 4 9 5 4 4 2 5 7 9 9 6 2 4 9 4 7 1 7 4 3 3 8 0 1 7 7 2 3 7 7 0 1 8 7 8 2 1 5 1 2 4 7 5 9 6 9 6 9 6 2 5 1 0 5 
24 9 2 8 2 1 5 4 4 3 3 2 7 5 8 9 7 2 6 2 3 5 4 1 6 
50 3 1 4 3 6 8 2 0 7 4 1 4 8 6 8 4 8 7 9 8 8 8 3 5 1 6 2 7 8 8 7 3 0 3 7 8 2 1 1 1 8 2 5 8 0 5 2 1 3 3 
209 1 2 4 8 5 1 2 2 1 3 1 4 5 5 3 3 7 7 4 0 7 9 5 5 9 1 0 2 6 3 4 9 5 8 0 0 1 2 2 2 5 4 9 0 9 4 6 8 3 2 8 0 3 5 6 5 8 6 7 4 9 1 6 7 2 6 7 3 0 2 8 8 8 7 8 9 3 6 9 7 1 7 7 6 4 5 1 3 3 1 9 5 4 5 2 6 3 1 0 4 5 8 2 3 7 2 2 2 1 1 9 4 0 9 0 5 4 4 0 8 5 9 3 1 7 7 8 0 8 0 6 4 0 0 9 9 3 4 1 6 5 3 0 8 2 0 5 8 4 5 8 1 4 3 3 3 2 3 4 1 5 2 7 7 3 8 6 6 2 9 2 0 4 4 8 8 4 3 9 1 8 7 4 4 3 7 8 5 2 4 8 9 6 7 6 9 6 4 7 8 4 1 8 0 5 8 9 2 1 
248 3 1 7 9 6 0 9 6 6 1 0 4 1 6 2 7 8 8 4 5 8 0 7 9 0 4 7 1 6 1 9 1 2 7 1 0 9 0 6 5 3 6 2 4 5 4 4 3 4 8 0 4 8 9 3 8 4 1 0 0 4 1 4 6 0 5 7 0 7 5 7 0 4 9 5 9 5 1 4 1 9 4 6 9 4 9 9 0 2 1 2 6 3 6 5 5 1 4 7 8 9 5 1 3 6 6 4 2 7 8 3 8 5 1 7 9 1 8 1 5 0 3 4 5 0 9 0 3 3 8 4 4 5 5 8 1 3 4 3 2 3 9 0 8 0 9 9 3 9 0 9 9 3 5 4 5 4 7 1 9 5 5 3 2 2 3 3 5 8 9 9 3 8 1 1 0 0 2 6 1 2 5 1 7 2 7 5 6 4 6 7 1 3 0 5 5 6 9 2 6 8 1 9 8 2 2 8 4 4 4 5 8 1 8 5 3 6 2 1 2 8 8 6 3 1 1 8 7 2 2 3 0 3 4 8 5 6 9 1 0 3 7 8 7 5 5 0 3 
228 4 8 8 2 6 4 5 7 2 2 0 7 7 2 0 1 1 8 7 0 9 9 5 8 7 2 6 5 5 1 5 1 9 5 3 5 9 9 5 2 3 7 9 3 1 1 4 2 9 4 4 1 3 2 1 1 6 7 6 1 9 3 2 0 8 8 8 8 9 5 2 4 4 3 7 5 4 2 0 6 8 4 9 1 8 0 2 5 0 0 8 1 3 3 1 2 3 1 2 2 6 4 8 2 7 6 8 1 0 8 9 8 4 8 9 3 1 4 8 1 6 6 2 2 1 5 4 4 9 8 6 7 2 7 0 9 3 8 2 3 6 4 3 0 2 2 5 5 8 3 6 5 2 0 7 3 8 3 8 7 1 6 4 5 3 6 4 8 4 8 3 2 2 6 5 7 1 0 2 1 6 9 6 8 1 5 3 9 8 3 8 1 0 3 6 5 1 2 6 6 1 9 0 3 8 5 0 9 6 3 0 4 4 9 2 5 4 7 5 5 1 5 6 3 8 5 0 0 
187 6 8 8 6 8 4 4 6 6 5 4 9 7 8 5 8 2 1 3 9 8 0 0 3 8 5 4 3 6 6 1 2 6 1 0 6 5 4 2 4 1 6 3 1 4 1 9 8 4 4 8 4 4 0 9 3 6 3 6 4 1 9 6 7 3 9 4 0 3 8 4 7 5 0 8 1 1 7 0 5 2 0 9 8 0 8 1 8 4 0 2 5 1 1 5 4 0 1 5 5 9 1 4 6 1 2 8 2 2 0 9 4 0 8 2 0 9 6 1 5 8 5 2 9 6 7 4 8 0 1 6 2 2 0 8 6 5 8 8 7 8 8 3 8 8 7 1 9 3 4 4 1 9 7 3 8 6 9 6 7 2 4 9 4 5 9 0 0 8 1 9 6 1 2 7 1 9 8 1 5 2 7 8 3 6 3 1 
3 2 0 2 
124 4 3 1 1 2 3 1 0 4 2 7 7 4 4 9 6 4 2 3 8 1 3 3 8 7 5 1 9 5 3 6 1 6 7 3 0 0 6 1 5 9 0 4 3 4 3 1 0 7 6 0 9 0 3 7 7 0 0 8 5 5 4 7 3 1 0 3 4 6 4 1 7 4 5 1 0 1 4 2 8 1 2 9 3 8 6 0 8 6 0 6 1 7 5 4 8 7 8 2 3 4 5 3 9 1 4 1 2 0 4 2 3 8 2 6 6 0 8 7 7 9 3 0 6 
218 7 6 5 7 1 0 3 6 3 2 9 9 6 1 2 0 4 5 8 8 2 7 8 0 4 7 1 9 8 7 7 7 6 4 6 9 4 9 5 0 4 5 1 0 8 3 0 4 9 0 2 1 9 1 3 3 8 5 2 8 4 1 7 0 5 3 9 2 5 7 2 9 4 3 1 2 9 1 7 8 3 1 1 3 4 4 8 5 9 3 5 4 4 3 6 2 8 8 6 3 5 0 4 9 5 5 3 4 8 2 2 4 4 3 9 8 8 7 3 9 2 9 3 9 4 2 1 4 0 9 0 5 9 4 6 4 2 9 9 2 2 3 6 8 7 5 8 7 3 2 6 7 3 2 6 9 4 9 3 4 8 3 1 7 8 9 2 2 8 3 4 2 6 1 2 5 6 1 2 1 5 1 1 8 3 7 7 9 7 0 3 5 6 6 3 4 5 7 8 5 2 2 0 8 5 4 6 2 5 8 5 0 9 6 0 4 6 7 
93 3 0 8 0 6 4 3 2 1 2 0 9 6 4 1 7 0 5 3 4 1 1 1 3 3 0 4 7 6 1 1 9 3 9 9 1 6 5 3 9 9 5 8 6 0 9 3 0 5 6 4 8 9 5 1 2 5 5 0 3 9 3 2 4 2 4 6 0 1 9 0 2 5 8 0 7 0 3 7 7 1 3 5 3 0 8 5 8 6 7 1 5 2 
116 1 7 0 7 7 3 9 7 5 4 8 8 3 0 3 2 7 5 5 4 0 5 2 7 3 0 5 7 5 9 3 7 6 5 6 4 8 5 3 5 1 3 3 4 3 9 6 0 6 3 6 6 9 9 3 4 9 0 1 7 0 4 6 6 9 4 0 9 0 6 7 1 9 2 8 3 1 4 5 7 8 2 3 9 3 9 5 4 9 7 3 9 3 9 8 5 6 0 6 6 6 3 9 6 8 7 1 1 4 6 9 4 8 4 5 1 
275 0 6 5 7 9 6 3 1 4 8 9 7 6 5 3 0 6 1 0 6 2 1 0 1 2 6 9 7 1 3 4 1 1 9 1 2 8 6 5 4 4 4 1 0 1 5 2 8 8 4 4 1 6 6 4 8 2 3 7 3 8 2 6 9 3 9 4 1 5 9 6 1 4 9 4 7 4 8 5 3 3 1 6 9 7 0 9 1 5 9 6 4 3 5 5 8 4 9 2 0 1 0 1 7 9 5 4 6 4 0 1 9 3 9 0 3 9 9 4 6 0 1 2 5 6 0 6 2 9 8 2 0 8 6 9 9 1 4 5 7 6 8 6 9 7 6 2 8 8 9 5 0 2 9 8 0 9 4 2 9 2 5 1 2 1 1 3 4 7 9 4 3 7 2 2 7 1 7 5 1 6 0 3 8 2 1 8 1 5 2 2 9 7 6 3 0 9 7 7 6 8 3 9 5 5 3 4 8 2 0 9 0 2 5 0 4 6 8 6 4 1 8 3 0 6 9 3 5 6 0 1 4 5 2 1 0 8 6 1 0 6 2 1 8 7 1 5 4 2 1 0 5 1 3 7 8 4 0 5 0 2 7 4 7 1 8 0 9 4 1 2 2 3 5 2 
273 6 7 7 0 0 7 7 2 2 5 2 7 5 7 9 0 6 6 7 8 4 9 9 0 0 1 2 6 6 4 9 5 2 8 7 2 7 5 6 1 2 8 8 7 8 0 9 4 6 7 4 0 8 6 0 1 9 4 7 8 8 8 3 0 8 2 5 5 9 1 6 1 2 7 1 0 7 0 6 3 9 3 5 8 9 7 9 0 1 8 8 1 6 3 4 4 6 9 1 5 2 7 7 4 4 8 6 3 0 5 8 0 8 5 8 9 2 9 9 5 7 8 9 5 3 3 1 9 4 2 7 6 9 6 3 6 6 9 9 6 4 0 6 4 5 6 5 0 5 7 7 4 7 6 9 0 1 0 0 5 2 9 2 4 5 7 0 1 6 1 7 3 1 6 9 7 4 5 7 0 4 6 6 1 3 6 1 4 6 3 0 1 4 4 5 9 1 7 2 9 0 2 4 2 8 4 1 4 1 0 6 5 6 3 6 1 9 9 6 7 5 8 8 9 4 5 9 7 2 3 6 5 5 1 7 5 5 0 0 8 0 6 3 8 9 1 0 8 2 8 8 7 6 6 7 2 4 8 9 8 1 5 3 9 8 0 4 5 2 4 3 2 3 
216 3 2 9 3 3 2 1 1 9 9 9 8 1 3 8 0 2 2 7 5 1 6 8 5 1 0 2 5 5 5 3 8 7 5 3 2 7 4 3 8 3 3 9 6 6 7 6 0 9 3 6 0 1 4 6 3 6 0 0 1 5 3 9 4 8 2 7 7 8 2 6 3 7 5 9 6 4 7 6 4 3 2 4 4 8 2 9 5 2 9 6 9 3 8 4 3 2 3 1 1 5 9 6 3 6 8 9 0 5 7 4 0 0 1 5 0 5 4 5 8 4 2 9 9 2 3 4 4 8 5 7 4 6 4 9 2 2 0 3 9 7 7 0 9 0 7 0 6 3 5 6 9 9 5 8 1 1 5 8 9 0 5 3 7 1 4 1 3 4 4 5 4 4 5 3 4 4 3 2 7 9 8 7 0 4 7 2 7 2 2 6 5 7 2 4 9 6 5 4 3 2 1 7 6 6 0 2 2 6 7 0 7 5 9 7 1 
206 1 8 1 3 7 6 3 9 2 2 7 7 8 2 1 0 9 9 8 2 2 1 8 1 3 7 6 2 4 0 0 8 0 3 1 7 1 4 8 3 8 8 3 9 0 4 9 2 4 9 4 8 2 4 9 5 1 7 9 7 7 2 5 8 5 9 7 7 5 6 2 6 4 5 5 6 2 6 8 6 5 2 6 8 8 5 5 1 2 5 9 2 9 6 0 4 7 9 3 3 7 8 9 1 5 6 8 7 2 8 5 7 1 1 7 1 8 3 3 1 0 4 5 9 2 7 5 0 6 1 5 4 9 6 7 4 2 7 4 4 6 9 3 9 3 1 0 1 6 5 4 8 1 9 9 4 6 6 6 3 7 3 9 8 9 6 5 1 4 1 7 2 0 0 1 3 3 3 7 1 9 1 9 0 1 8 6 7 5 4 2 4 7 1 5 6 8 0 9 4 1 6 6 3 9 9 
99 4 2 6 6 3 9 7 6 0 6 2 0 3 7 4 9 6 6 4 3 6 6 4 2 9 3 0 5 4 9 6 8 1 2 4 7 3 2 3 4 0 5 6 5 4 0 6 1 8 3 6 6 1 0 8 1 5 8 8 9 7 4 8 1 8 4 8 1 8 1 7 8 8 3 5 5 6 4 6 6 7 2 3 8 4 1 1 0 2 9 9 9 5 9 2 3 4 2 7 
112 5 4 3 4 0 0 1 8 4 7 4 1 1 7 0 7 1 3 7 3 3 9 4 0 8 9 4 4 1 1 7 7 7 2 3 7 2 4 7 7 3 2 0 6 1 2 3 2 6 3 5 1 2 2 1 2 1 7 7 4 0 4 3 8 8 6 7 0 2 5 9 7 9 0 3 0 4 7 3 0 0 0 3 4 4 5 6 5 2 3 0 3 9 5 3 7 2 0 0 6 7 9 4 6 1 9 7 6 6 2 8 8 
284 2 2 9 7 9 6 1 4 8 6 4 4 1 3 8 2 3 4 1 5 0 8 6 0 7 2 8 9 3 9 5 5 1 4 4 2 3 7 9 1 6 5 5 7 8 5 9 4 2 3 9 2 1 5 4 0 0 5 1 3 4 6 0 7 3 4 2 6 3 1 9 9 6 7 7 6 2 8 0 4 1 9 7 4 5 3 4 7 8 5 2 4 4 2 4 7 8 6 5 3 9 4 3 5 1 2 3 4 0 4 8 4 5 7 0 2 3 5 9 3 2 1 8 6 5 4 5 5 0 0 9 9 5 2 6 8 4 9 2 6 5 3 2 1 2 3 3 7 0 3 1 4 6 1 3 4 5 8 9 5 1 8 6 8 2 2 6 6 3 1 5 9 6 9 0 0 4 3 8 6 6 1 1 5 4 6 9 9 4 8 6 7 7 2 7 9 6 6 8 9 9 5 8 7 6 8 7 1 2 7 7 0 8 0 7 2 6 6 3 3 7 9 0 6 3 0 7 1 6 7 3 5 2 1 2 1 2 1 2 6 9 1 8 9 2 6 4 0 2 7 3 1 9 6 7 4 6 5 6 2 2 9 9 7 2 3 8 4 4 2 2 3 3 1 5 7 7 9 8 1 6 1 5 5 
177 2 0 5 7 8 7 0 9 8 9 3 1 7 8 6 9 2 1 2 3 6 2 2 5 0 6 2 1 1 9 1 3 1 6 3 1 6 5 0 6 4 4 8 1 4 6 2 8 7 6 4 6 8 6 1 0 4 5 4 7 7 5 3 8 3 6 2 1 3 4 8 7 8 8 0 4 4 4 3 1 0 7 7 1 5 1 1 2 8 5 9 5 2 4 6 6 0 8 9 5 2 7 2 3 7 4 9 1 0 4 5 1 1 4 2 9 5 5 3 4 1 2 1 3 7 7 1 9 5 1 5 0 0 9 5 8 6 4 1 6 9 6 9 2 3 3 1 8 9 6 4 0 9 8 5 8 5 7 9 3 8 6 3 0 8 8 8 6 4 2 4 3 8 4 6 1 7 
279 2 8 6 8 0 7 6 6 7 4 5 8 7 5 7 2 5 5 2 6 3 6 8 7 2 8 3 8 2 1 9 4 1 7 4 2 6 1 0 3 5 5 4 4 0 1 6 7 8 0 3 1 6 3 8 8 2 4 8 4 5 0 0 8 7 4 2 4 7 2 9 4 7 3 8 9 6 6 7 4 6 2 5 5 8 6 5 0 0 6 6 7 6 6 7 3 2 0 9 0 2 9 6 2 4 7 3 1 5 2 7 2 5 5 9 5 1 4 5 3 0 1 2 8 9 9 2 1 1 3 3 4 4 0 8 9 9 1 2 4 4 9 8 1 4 9 6 7 4 3 2 6 6 4 7 5 6 1 8 7 4 2 3 9 4 3 0 5 5 2 9 1 1 8 4 8 7 2 5 3 7 8 2 3 4 9 0 2 0 8 2 6 2 7 5 6 1 5 1 8 9 3 1 1 3 5 1 2 9 6 8 8 6 2 1 3 1 1 5 3 1 7 1 4 5 7 2 6 4 6 6 4 9 7 7 4 4 8 6 3 6 4 1 5 6 4 8 9 7 3 4 8 3 6 4 0 5 9 6 1 5 4 5 6 1 4 2 5 4 8 0 3 5 1 8 3 7 8 5 
4 1 1 4 6 
189 1 6 4 0 4 8 7 8 5 5 9 0 7 4 6 7 4 9 2 7 9 8 4 7 5 0 1 6 7 9 6 8 6 2 0 0 0 7 9 6 2 0 8 1 7 4 8 1 6 3 1 5 1 7 5 8 8 8 4 5 7 2 5 3 5 5 6 7 2 7 3 6 9 3 7 6 8 7 0 6 0 1 3 3 8 8 1 8 8 6 5 6 0 2 1 5 7 9 5 1 6 0 9 6 4 8 2 4 6 4 0 6 5 3 2 6 4 3 6 2 1 4 0 2 6 2 9 4 3 4 7 0 5 7 8 1 5 2 5 1 7 7 0 2 0 2 0 6 5 7 1 9 3 1 1 9 5 0 3 1 7 3 1 2 0 1 3 7 3 0 1 0 7 1 5 9 5 7 8 2 6 9 1 9 2 2 9 0 5 
224 1 2 7 4 6 9 5 9 7 8 1 8 1 8 9 8 9 6 5 7 8 2 6 0 3 1 4 2 3 9 9 4 3 6 0 9 6 5 0 5 5 1 3 8 1 4 6 1 0 4 8 8 8 7 0 1 0 5 6 3 6 5 9 0 3 9 9 9 4 2 6 1 3 9 0 7 5 8 8 5 2 8 6 2 7 8 4 7 3 2 0 2 7 9 4 0 8 5 2 4 7 8 8 3 0 0 0 5 8 0 3 3 8 1 5 6 9 1 3 5 3 6 7 2 5 1 3 6 6 7 2 6 5 0 9 5 0 9 3 1 9 6 4 9 7 1 5 8 5 1 3 0 7 2 3 4 3 8 2 2 5 5 8 0 5 9 8 8 8 3 9 9 1 3 0 0 6 8 8 1 9 2 2 8 4 5 4 0 3 7 4 0 2 4 2 9 3 2 7 3 5 6 4 6 1 4 6 8 2 7 9 3 9 3 1 5 0 6 7 5 5 1 5 7 
255 8 6 0 0 4 3 6 2 7 4 4 4 3 2 6 0 3 2 1 9 3 6 9 1 6 7 6 9 2 5 7 0 4 7 3 0 3 1 2 2 5 6 6 8 0 5 0 6 7 1 7 2 0 8 6 6 5 4 5 8 0 2 0 4 2 3 4 5 4 8 7 2 7 6 2 9 1 3 7 8 4 4 0 6 3 6 2 0 1 0 0 3 4 1 9 8 6 5 3 3 3 3 5 0 9 7 0 0 2 9 0 7 4 0 5 9 9 0 9 2 0 0 7 6 3 6 5 9 1 0 2 6 3 9 7 2 7 9 4 9 8 4 8 4 5 6 3 6 6 5 0 8 7 7 4 0 5 1 1 6 2 6 4 7 5 3 0 4 2 4 6 3 9 6 7 6 2 3 4 8 0 4 8 7 3 5 9 8 6 0 6 0 8 0 8 4 4 0 0 8 6 8 3 7 5 1 3 9 6 9 0 6 5 8 5 8 3 4 8 2 6 4 4 5 7 2 1 3 4 3 3 1 2 7 8 9 0 4 0 6 3 0 4 1 1 9 9 6 5 8 0 1 4 5 6 
263 9 9 6 4 3 0 7 7 7 7 6 9 1 8 5 7 9 1 8 2 0 9 0 5 9 1 8 4 8 7 9 7 6 8 3 1 8 0 0 7 8 6 6 1 7 3 8 8 4 8 0 6 8 2 3 9 3 3 3 1 0 5 1 9 3 4 2 3 5 3 2 5 1 0 6 8 3 7 6 9 5 8 7 5 1 0 5 4 3 0 8 6 5 1 5 8 5 7 1 2 2 3 9 4 3 6 2 8 3 9 9 0 7 6 8 0 6 3 5 2 5 5 8 1 8 5 1 5 4 5 8 7 0 9 1 6 5 5 6 0 4 6 1 4 2 1 4 1 4 1 3 1 8 3 2 8 0 6 4 4 3 4 1 3 3 4 9 1 0 6 1 6 2 4 2 6 5 9 7 1 2 2 3 3 7 7 1 7 3 5 2 6 9 5 2 3 2 1 4 2 9 7 0 3 2 5 2 9 4 1 1 8 4 4 1 3 1 3 1 7 8 5 5 0 0 7 5 4 1 1 8 2 8 9 8 2 6 0 2 0 1 3 8 7 9 2 1 2 5 2 9 5 9 7 7 9 6 2 6 9 3 4 2 
94 3 2 6 9 2 8 1 5 3 2 3 2 4 4 5 1 8 6 8 7 3 6 8 0 0 4 9 6 9 3 0 4 5 6 6 9 5 9 5 8 1 8 3 7 4 8 0 4 4 1 3 8 9 3 0 9 0 1 5 9 7 5 5 2 4 1 2 1 3 9 1 4 9 4 4 5 2 4 9 7 7 4 7 6 7 9 6 7 0 3 8 7 1 6 
122 5 9 6 6 2 5 7 7 4 2 3 9 6 9 0 5 7 4 2 3 3 3 1 1 6 5 1 5 6 7 7 3 7 5 9 9 0 8 8 6 2 1 7 9 1 7 4 8 3 9 3 9 2 5 0 8 0 3 4 8 1 3 1 0 9 0 9 1 0 8 8 3 1 5 2 2 5 6 2 0 5 6 9 8 1 1 8 3 7 2 1 8 8 2 8 7 4 9 8 4 9 6 7 1 4 1 5 1 8 8 3 5 6 5 5 9 8 4 2 5 8 5 
123 6 9 3 5 5 3 4 9 2 2 9 3 8 0 1 1 0 9 5 6 7 2 3 6 0 7 0 6 8 7 9 6 6 5 2 1 0 8 2 2 2 3 8 1 4 9 4 6 0 1 4 9 3 8 7 4 7 7 2 5 6 3 4 4 8 6 7 8 6 9 3 8 3 3 1 9 4 6 5 4 9 0 5 3 0 2 9 7 1 1 5 7 4 9 1 5 7 8 3 3 9 8 3 4 1 7 5 5 5 1 1 4 3 6 9 5 8 8 2 9 1 7 8 
288 8 1 3 5 1 8 0 1 7 6 7 8 3 3 6 8 6 7 4 1 4 4 6 4 4 8 4 8 8 4 6 6 6 1 4 7 9 4 0 6 2 0 7 5 3 3 5 9 0 2 0 6 8 6 1 2 6 7 2 4 1 0 1 9 1 5 9 1 1 9 9 4 9 8 1 4 1 7 3 4 9 5 0 7 3 3 1 0 2 6 4 6 6 7 5 8 2 4 1 6 6 2 0 7 1 1 2 4 0 7 8 1 5 1 0 8 6 2 8 9 0 3 5 6 0 2 6 5 9 9 1 7 2 3 4 5 6 8 9 9 8 0 0 3 3 1 1 9 5 0 0 5 5 7 3 7 2 0 4 1 9 7 8 3 0 4 8 9 5 0 8 3 0 0 8 5 1 9 6 8 1 9 5 8 6 9 8 0 9 2 3 0 0 1 4 2 8 2 1 3 4 9 8 6 0 6 1 3 7 8 4 1 9 9 1 7 8 9 8 7 2 1 8 2 5 4 4 3 6 8 8 3 9 8 9 1 6 1 5 5 1 1 8 0 0 0 7 9 1 7 8 3 9 8 7 4 2 4 9 1 4 9 4 3 9 5 5 5 6 2 2 9 3 1 1 3 3 1 4 4 8 5 8 7 5 7 3 8 
243 4 1 7 5 7 1 4 2 6 1 1 0 6 2 3 7 4 8 0 5 5 4 3 0 4 3 5 4 8 5 7 5 8 7 0 7 8 7 2 6 0 3 6 6 5 1 5 1 1 5 6 6 2 2 6 8 7 4 2 7 1 0 2 0 9 5 9 7 4 1 5 6 6 3 3 2 4 0 5 7 8 2 4 0 6 2 8 5 8 1 2 0 3 5 2 2 2 1 1 6 3 6 4 9 9 9 3 5 0 9 2 8 3 8 8 1 1 8 6 9 1 8 9 6 5 3 8 9 5 1 7 0 9 2 1 0 1 7 5 3 6 0 1 1 8 1 4 1 0 0 1 3 0 2 0 8 8 0 7 3 2 5 5 1 7 6 2 0 3 9 4 1 1 5 4 2 9 8 3 1 0 6 4 3 1 4 1 9 5 0 4 9 5 1 2 4 9 6 5 3 8 1 6 9 6 3 3 7 3 9 8 6 7 5 9 8 9 2 9 6 2 5 7 8 8 0 4 8 6 9 3 4 0 1 6 9 4 1 8 0 0 7 6 
138 2 7 8 3 9 0 0 3 7 9 1 6 9 8 4 8 7 7 2 0 8 0 1 5 2 9 5 2 8 3 2 2 0 1 6 1 3 8 4 0 7 8 6 7 6 0 5 5 9 9 5 0 2 8 7 4 8 2 8 8 5 3 1 7 4 7 8 7 7 2 7 4 0 6 3 6 8 0 2 0 2 9 0 4 8 7 0 8 1 0 8 8 3 9 7 9 8 5 8 5 9 8 2 2 4 7 8 2 0 2 2 2 4 4 8 4 3 0 4 6 2 2 4 6 2 1 5 0 8 6 8 8 4 0 2 8 9 2 
122 9 5 7 3 1 3 3 5 7 3 1 3 6 3 0 4 5 3 1 8 4 7 6 4 1 8 6 1 9 8 6 9 5 3 4 6 6 8 3 5 3 4 1 1 8 1 5 5 6 9 5 0 6 1 4 0 1 2 3 3 1 9 2 6 4 8 5 3 6 0 8 2 5 9 3 5 2 1 0 9 0 8 1 8 9 8 0 3 0 4 6 1 5 0 0 0 0 5 3 9 5 1 1 2 3 6 7 7 7 0 8 9 8 0 0 9 8 0 4 0 6 2 
112 2 4 4 2 5 9 7 4 6 8 5 9 3 3 8 1 1 0 9 2 0 1 2 2 9 5 6 2 1 1 6 5 5 0 7 2 1 4 6 7 5 3 8 0 7 9 1 0 1 1 4 2 2 7 4 4 4 2 8 7 3 4 3 1 4 0 3 5 7 2 4 4 5 3 4 2 4 6 4 5 9 9 7 3 8 3 9 2 6 7 9 1 1 2 4 5 5 8 2 4 0 7 8 7 0 2 2 6 0 6 1 1 
275 1 5 5 4 6 7 2 4 9 6 7 3 0 5 8 0 7 4 2 4 2 0 6 7 2 2 7 0 6 9 8 7 6 3 3 2 3 8 8 2 4 6 7 6 3 8 7 0 2 1 5 5 1 3 4 5 6 1 6 4 2 6 1 0 9 6 3 4 4 3 8 0 1 6 7 4 4 6 5 6 7 2 3 1 5 7 6 3 1 4 7 5 0 0 6 2 7 1 6 1 4 5 2 8 1 1 2 5 7 9 3 4 1 7 7 9 6 4 2 9 0 0 5 1 2 1 3 9 2 1 1 8 6 5 8 7 6 3 4 5 2 8 1 6 7 9 7 5 5 9 5 5 1 0 8 4 3 1 5 7 3 8 7 1 3 6 9 1 9 5 8 3 5 0 9 4 9 8 0 4 8 7 1 1 9 0 7 2 3 3 9 6 1 8 0 7 4 1 0 5 6 9 9 2 9 0 8 0 9 0 6 9 7 7 2 6 7 2 0 1 5 1 9 8 0 9 7 6 0 0 2 9 9 1 3 0 3 1 2 2 2 8 3 9 7 6 8 5 0 8 8 5 2 7 5 2 9 5 8 1 5 0 0 6 3 3 8 7 7 0 1 9 0 7 0 
197 5 0 4 5 1 2 2 3 0 9 5 1 4 5 2 1 8 3 7 1 8 5 0 5 7 4 6 7 1 9 7 6 9 1 3 0 6 5 3 6 4 0 9 1 6 1 2 4 6 2 7 7 9 0 2 9 4 1 8 7 0 5 5 9 9 8 2 5 3 7 3 9 8 2 2 6 5 5 2 2 9 9 9 8 1 3 7 5 4 6 2 6 3 9 8 2 7 0 7 2 7 0 4 7 4 6 3 0 3 7 4 2 9 3 3 0 8 2 8 5 8 2 1 4 2 9 6 9 1 6 2 9 8 8 8 3 4 4 5 8 1 9 2 0 4 5 1 2 0 1 7 0 3 1 4 5 2 3 5 4 9 9 5 9 7 3 2 3 7 9 3 9 8 6 1 2 3 4 7 3 5 6 4 9 9 8 4 2 1 1 6 2 2 1 2 1 4 
196 5 2 8 8 3 6 6 4 1 0 9 0 5 6 6 9 5 6 0 2 0 3 5 6 8 8 9 2 1 3 0 6 7 8 7 2 5 5 9 8 7 8 8 3 6 6 4 2 4 6 6 4 2 1 2 0 9 1 2 1 7 2 9 6 1 8 9 8 4 8 8 3 8 6 8 4 4 3 8 9 1 4 5 3 6 8 3 5 1 5 8 8 0 0 5 3 0 6 3 6 4 1 0 4 9 8 8 3 3 7 4 5 1 2 8 7 2 2 5 5 9 5 4 1 7 1 4 8 9 9 4 5 0 6 9 1 5 9 7 0 6 3 5 0 5 4 9 9 8 6 5 9 4 1 1 1 4 7 9 3 7 6 8 7 2 7 9 9 8 6 0 5 9 7 7 7 3 8 6 1 5 3 1 9 4 2 0 8 9 2 1 8 0 1 6 4 
100 7 4 9 5 6 6 6 5 3 5 9 1 2 2 8 7 3 7 2 7 0 2 9 2 6 7 4 7 5 8 8 4 4 9 9 0 5 8 8 0 3 7 1 7 9 2 5 5 9 9 2 1 1 3 5 7 3 9 7 8 8 7 5 2 6 4 5 1 4 3 1 8 2 4 5 3 6 2 8 8 1 3 9 3 6 5 2 9 6 9 0 4 6 5 9 2 1 4 5 6 
149 6 6 1 3 1 4 1 6 5 9 7 8 1 0 6 8 3 8 4 4 0 1 1 5 0 3 8 4 1 6 5 9 2 6 2 6 2 6 2 7 7 9 7 8 2 4 8 5 2 3 9 2 4 2 9 4 8 9 0 9 6 5 8 8 3 3 4 7 9 6 5 6 6 2 7 8 8 5 5 2 8 6 6 4 9 5 0 9 5 0 8 3 7 6 1 2 1 6 0 0 4 7 9 2 9 6 2 0 1 9 2 2 6 9 6 7 6 7 6 3 9 4 6 9 2 8 1 6 6 1 6 2 8 7 5 0 3 7 2 5 9 4 9 5 5 5 4 2 4 
280 7 4 6 4 5 0 4 6 8 0 0 7 2 8 4 9 0 8 9 2 5 8 9 4 5 4 1 9 8 6 1 6 2 7 0 7 9 4 5 8 6 5 5 8 6 9 0 6 9 9 1 6 7 0 0 2 6 4 1 5 0 4 1 4 3 3 3 2 7 8 2 5 4 9 3 2 1 5 8 0 4 1 9 3 1 9 5 8 5 8 5 7 4 6 1 7 9 6 0 8 5 4 3 1 4 8 3 5 4 3 7 0 5 6 4 8 8 1 8 3 2 3 3 6 1 6 4 0 3 6 0 0 0 3 1 6 4 6 1 8 1 1 0 8 9 4 7 7 8 5 3 2 1 6 8 2 2 4 5 7 0 5 7 3 1 0 9 5 6 3 5 0 4 5 8 3 2 5 3 2 3 6 4 6 4 4 8 8 9 3 6 1 1 5 4 2 6 6 9 4 9 4 4 5 1 3 8 3 0 3 7 5 1 1 1 5 8 0 6 7 5 4 0 6 9 7 0 5 3 9 2 4 5 6 9 7 1 9 2 2 5 0 9 6 3 1 2 1 3 0 0 0 4 1 9 3 8 9 1 3 1 3 9 6 9 0 3 3 1 6 5 6 8 6 3 1 7 7 3 0 
107 3 3 1 6 2 6 6 1 7 9 2 0 0 1 2 0 4 5 2 2 2 8 0 8 1 2 6 8 7 8 5 2 1 8 9 3 5 5 7 2 7 1 5 7 2 7 8 9 2 0 1 6 8 4 4 2 6 2 0 5 3 8 7 6 8 6 2 3 2 9 8 9 2 3 8 7 2 6 6 6 6 9 2 7 3 8 9 1 3 1 6 6 1 4 2 0 2 4 5 6 5 5 7 8 8 6 5 
192 2 3 8 1 2 2 0 8 1 1 9 4 2 6 2 6 2 4 8 6 1 3 3 6 9 2 6 9 8 3 2 3 6 2 6 1 5 6 9 8 7 8 2 1 6 6 7 0 0 5 7 3 1 2 0 2 4 8 1 3 2 5 8 0 0 4 1 7 0 2 5 9 3 9 0 9 5 8 2 5 3 9 1 4 1 3 8 5 1 0 0 5 7 0 6 9 4 9 6 6 4 1 5 7 0 6 8 5 6 0 3 9 9 4 6 2 9 4 0 0 6 2 8 6 3 6 5 9 7 2 8 1 5 5 0 6 1 9 3 7 9 6 9 1 2 7 5 1 3 7 4 2 0 2 8 5 8 5 6 5 9 4 9 5 0 9 1 3 0 4 3 2 3 4 3 7 3 0 1 6 8 7 0 0 9 0 5 9 6 3 6 5 
98 5 0 0 7 3 3 7 0 8 9 5 2 4 4 5 5 5 4 5 2 4 5 3 5 2 4 3 5 1 0 5 8 1 7 5 6 1 3 8 1 4 3 6 9 8 1 6 5 7 1 8 4 8 3 1 2 8 4 9 1 4 5 9 7 2 5 6 5 0 4 9 4 8 5 3 8 8 9 3 6 2 3 2 2 7 3 4 7 7 6 8 3 3 7 3 7 4 9 
73 4 3 4 9 3 9 4 1 7 6 7 5 0 0 7 3 9 0 9 6 9 5 6 5 8 4 8 6 0 9 1 5 2 5 6 8 4 2 1 1 8 8 9 9 1 6 4 0 7 3 9 8 9 5 3 9 1 3 5 2 2 8 9 7 3 7 5 7 9 8 1 8 7 
162 9 8 8 3 0 7 8 1 6 9 7 1 9 0 5 6 4 7 5 5 4 8 2 1 8 2 0 1 0 7 3 1 7 3 6 9 1 4 1 9 4 0 0 5 2 5 1 7 3 8 4 9 9 7 1 9 9 1 2 1 0 5 2 9 0 0 8 1 4 9 0 0 1 3 5 4 8 9 3 3 9 7 3 8 4 4 7 5 7 9 8 9 6 2 8 7 2 6 0 7 8 3 9 1 6 5 5 6 6 0 0 5 8 5 4 4 1 3 2 8 5 0 7 1 3 7 0 7 3 1 6 3 6 6 5 4 3 2 0 9 3 2 6 3 7 2 7 8 8 1 8 3 2 7 4 7 4 7 4 0 0 1 
45 6 9 0 0 2 5 2 3 8 5 1 1 2 4 0 3 4 2 3 7 6 1 3 5 7 0 9 7 0 2 3 6 3 5 8 5 0 3 0 0 8 2 3 2 8 
184 7 2 8 1 1 6 2 4 1 1 5 2 9 5 5 4 4 0 1 4 6 4 7 8 4 7 2 0 0 2 6 7 4 4 0 5 0 4 2 3 6 7 5 7 2 2 1 8 3 2 3 1 8 2 9 3 0 2 3 2 4 9 1 1 5 2 8 7 6 0 0 2 9 5 9 4 8 2 2 3 7 7 4 5 0 3 0 2 7 5 4 4 4 5 7 1 9 5 0 6 8 0 0 9 8 2 3 8 6 6 1 3 5 5 1 5 0 1 9 8 7 3 2 3 1 9 7 0 6 7 8 6 8 1 6 8 5 1 8 1 7 9 7 3 6 8 0 6 1 0 4 8 5 8 4 6 9 1 9 8 8 7 6 8 0 4 8 5 6 6 9 5 5 6 0 3 6 3 0 7 3 6 8 0 
137 2 7 6 5 8 6 5 5 3 4 8 9 4 3 5 1 2 3 8 0 3 2 6 6 2 6 1 0 4 4 7 6 1 4 1 9 2 8 6 7 2 6 7 9 2 4 0 6 7 8 7 3 2 5 1 6 1 5 7 5 9 4 3 2 0 6 3 3 5 1 0 9 8 7 8 0 2 8 6 1 9 5 6 1 1 0 8 2 5 5 0 4 1 3 8 2 0 1 5 5 2 5 4 2 5 3 2 9 3 1 2 2 6 9 6 7 9 6 2 4 3 2 0 4 5 0 6 7 1 3 2 5 9 9 8 6 4 
32 5 7 3 7 2 0 8 0 9 7 6 1 3 9 5 5 5 3 5 4 0 8 7 5 4 8 4 2 6 8 4 1 
177 0 1 9 0 9 9 1 7 5 5 2 6 0 8 4 3 5 8 6 4 7 1 8 8 7 2 4 5 8 6 2 8 9 4 0 8 3 2 7 1 7 0 9 9 0 3 5 5 3 1 1 3 4 9 1 1 3 5 8 4 3 2 2 4 6 5 3 2 7 0 3 6 2 4 7 2 8 2 0 3 5 1 6 1 3 9 4 6 7 2 0 0 5 5 5 3 0 0 5 9 2 0 5 5 5 4 7 5 7 9 8 4 1 7 6 4 6 0 2 3 5 3 6 2 0 3 7 0 3 3 1 5 5 8 2 0 2 2 7 1 1 8 6 2 5 4 6 3 6 9 7 1 4 5 5 6 8 3 6 3 8 9 0 3 7 3 6 9 5 3 1 6 3 9 1 8 3 
289 4 9 0 3 3 6 8 0 2 8 3 8 3 1 9 3 7 6 6 3 6 3 8 9 2 2 8 3 2 3 4 6 4 5 9 9 1 9 0 4 7 3 4 0 7 4 6 4 0 4 7 8 8 7 9 2 9 9 7 4 2 1 0 9 6 2 8 0 3 8 6 3 4 0 3 1 6 1 5 9 6 4 7 6 1 9 0 3 8 7 7 1 8 9 0 7 3 0 9 7 1 5 0 5 5 5 8 4 7 3 3 5 9 2 3 0 1 3 5 0 0 2 1 0 4 3 9 7 5 8 4 6 3 4 3 1 0 1 5 9 4 8 4 5 0 9 6 2 2 3 4 4 6 7 4 0 0 6 9 7 4 4 4 0 0 7 1 0 1 8 1 5 8 7 3 0 6 1 4 8 4 8 2 0 5 9 2 7 5 2 5 1 8 1 3 8 0 4 1 1 4 2 9 2 0 2 5 6 3 9 7 7 8 1 0 5 0 4 3 7 6 0 1 6 3 4 5 3 1 6 5 5 0 4 0 0 8 7 9 1 6 6 0 6 7 2 2 0 7 7 9 5 9 0 2 2 5 7 5 8 5 2 5 5 8 5 8 6 2 7 9 1 5 2 7 2 4 1 4 1 0 4 9 9 4 1 1 1 0 
299 9 5 1 5 2 0 2 0 8 7 7 8 8 2 2 7 7 6 1 3 0 1 7 9 1 4 0 4 7 2 3 7 7 5 4 9 7 8 2 5 5 1 5 5 6 7 5 3 6 6 8 6 7 6 7 0 2 9 5 9 1 8 8 0 5 2 1 2 1 3 0 8 5 5 6 1 5 1 6 3 9 4 1 8 2 8 9 4 7 4 4 8 4 2 0 0 7 1 2 0 5 2 8 2 0 6 3 5 9 1 0 8 5 1 9 0 9 8 4 8 4 0 8 8 3 8 0 0 9 3 0 4 7 0 6 7 9 1 4 8 2 4 9 0 5 0 0 4 8 4 4 4 5 2 4 0 0 5 2 0 8 4 6 7 6 5 5 5 6 1 6 1 6 7 1 1 7 3 8 7 9 2 1 6 5 5 6 7 0 8 7 0 4 4 0 1 1 5 6 9 6 4 0 4 1 3 8 8 8 6 5 8 0 8 4 7 6 3 5 8 1 4 9 6 0 9 9 1 6 7 1 4 2 3 9 3 7 7 4 5 5 1 5 7 2 0 7 8 3 4 6 6 8 7 4 1 8 3 2 4 1 5 1 5 9 2 0 8 9 6 5 6 8 1 5 0 1 4 8 6 8 6 4 9 4 9 0 2 4 2 7 7 0 0 2 9 2 3 7 
123 9 2 1 9 3 6 1 6 3 1 4 1 8 9 2 2 0 2 4 4 7 3 2 7 3 4 6 7 9 5 0 9 7 1 0 3 0 2 1 3 3 6 6 3 7 9 5 7 3 2 1 0 7 5 9 1 0 5 0 1 2 1 2 0 4 3 5 4 7 6 9 2 4 6 6 1 7 3 0 0 5 2 3 3 7 2 6 9 0 6 1 2 9 3 4 4 8 9 0 5 8 0 8 4 8 6 8 5 9 8 7 7 2 0 0 2 3 8 1 3 6 4 5 
166 0 2 0 8 1 0 6 1 2 6 6 0 2 4 7 3 4 7 0 7 7 2 9 2 0 2 7 7 9 5 3 9 7 5 9 0 7 7 2 0 3 8 2 7 4 2 1 0 9 1 7 8 4 8 3 4 3 0 3 2 5 8 3 4 3 4 5 3 4 7 3 7 7 7 7 3 9 8 3 0 1 3 9 5 3 2 2 6 4 7 0 2 6 5 6 1 2 1 6 6 0 9 5 7 9 2 0 8 2 6 9 4 9 0 1 2 2 5 1 8 3 3 0 1 9 7 4 3 8 1 9 1 2 6 8 1 1 1 2 3 9 1 9 8 3 3 2 7 8 5 5 3 9 6 4 0 3 1 5 3 2 6 4 4 2 5 
278 3 8 0 9 7 3 0 7 6 3 1 3 4 7 0 7 8 6 4 0 1 5 5 5 9 1 1 5 3 8 3 9 6 3 0 5 8 0 2 6 6 6 9 0 3 2 9 3 8 3 3 0 0 8 7 9 1 0 5 6 9 0 5 7 6 7 5 4 0 9 1 6 5 2 8 0 4 7 3 5 3 6 5 5 6 4 5 7 4 2 4 5 4 1 3 0 9 8 7 1 9 8 7 5 2 5 5 7 4 9 4 7 7 1 3 6 5 0 5 1 4 1 7 8 3 2 1 4 2 8 5 1 8 4 6 0 9 4 9 5 5 3 3 2 4 8 0 1 0 6 3 4 7 0 4 2 4 7 6 6 5 3 7 3 7 6 6 8 0 5 4 7 1 9 9 7 9 2 9 9 8 2 3 5 4 9 8 0 7 6 6 4 2 5 0 1 3 6 0 5 3 6 2 6 7 4 4 6 6 3 5 4 7 0 1 3 1 9 3 8 8 1 5 0 8 5 1 2 1 3 7 4 1 2 1 8 6 7 6 4 2 3 8 1 5 9 6 7 1 9 7 1 2 2 3 0 7 4 4 0 0 4 5 3 6 8 2 4 7 0 8 9 4 6 0 9 7 6 
58 0 7 6 3 1 0 6 1 0 3 8 0 5 2 7 8 8 7 2 2 4 3 2 3 9 8 5 0 7 3 9 0 0 7 3 1 9 2 5 9 5 3 0 0 7 7 8 7 5 1 1 1 6 3 5 5 3 2 
95 2 6 6 2 8 3 8 2 3 0 9 2 7 4 4 9 1 2 9 8 9 2 9 0 8 4 7 5 7 0 1 9 8 7 2 6 3 2 8 8 4 9 0 1 3 7 2 4 9 1 4 0 4 5 0 4 9 8 0 6 0 3 6 8 2 0 4 7 2 5 5 6 4 8 9 0 5 1 4 4 4 1 4 0 6 6 5 6 4 7 2 6 2 0 4 
204 0 1 2 4 8 9 2 4 7 3 4 2 6 1 8 1 2 4 3 0 1 8 6 7 7 1 4 9 3 0 6 6 1 0 2 9 9 5 6 7 0 0 1 7 3 0 0 5 4 3 8 5 4 4 5 1 7 9 3 1 9 1 9 3 3 1 4 2 6 0 1 9 3 5 8 6 5 8 4 9 3 2 7 7 8 4 1 8 3 6 1 4 7 0 9 0 1 4 4 0 6 8 9 9 3 7 8 8 7 2 9 0 6 8 0 4 2 1 2 7 7 5 4 6 5 3 8 9 7 2 9 4 0 0 5 5 9 3 3 6 7 5 8 3 5 8 0 0 1 4 7 8 0 1 6 5 5 4 4 4 9 5 0 1 5 6 7 6 1 2 2 9 9 3 2 5 1 4 5 3 9 4 3 9 6 2 4 3 6 1 9 7 6 0 9 4 8 6 0 9 0 5 0 0 
198 5 5 1 9 2 6 8 8 2 7 4 4 4 9 0 5 9 0 3 9 9 7 7 7 0 8 7 7 9 7 7 4 4 8 3 8 7 2 7 9 9 3 3 3 3 5 0 4 5 4 5 6 3 4 3 5 2 1 2 3 0 1 7 7 2 3 5 9 5 4 8 6 8 1 2 3 8 2 9 4 8 4 0 4 8 6 9 0 9 4 4 9 7 3 8 9 6 4 8 3 0 8 0 0 1 4 3 0 8 2 6 7 8 8 3 6 4 4 9 3 8 5 5 6 8 3 7 7 9 6 0 0 4 2 0 6 6 6 8 5 0 4 4 9 2 9 5 9 3 4 4 4 1 9 0 2 5 9 9 4 5 1 4 2 4 7 0 2 3 8 9 5 4 5 4 6 4 0 7 8 6 2 2 8 3 4 0 8 3 1 3 1 2 9 3 8 8 5 
233 3 3 2 9 7 0 3 5 6 3 5 4 2 7 8 0 0 4 2 1 8 3 4 1 7 5 6 6 4 1 1 9 4 5 8 3 5 2 0 2 7 5 8 9 2 7 1 5 1 5 8 1 0 4 2 8 9 0 6 5 1 9 5 7 4 3 0 0 7 1 4 7 8 2 8 1 1 2 8 5 7 8 6 0 2 1 0 1 1 8 9 5 7 4 2 1 9 3 3 9 6 7 6 4 2 4 7 5 8 7 0 6 5 9 8 7 2 8 1 5 6 0 0 3 6 3 6 5 8 0 6 6 9 2 0 3 9 0 9 7 7 1 5 5 0 5 4 4 3 5 0 9 7 0 4 3 5 1 1 3 3 7 9 2 0 2 6 1 4 7 0 1 8 8 8 9 3 3 5 7 8 5 8 8 8 5 1 3 8 2 9 1 0 0 3 2 4 1 5 8 8 5 2 7 3 0 8 9 3 3 8 4 1 6 4 9 3 5 4 1 0 5 2 0 8 8 4 2 9 9 3 0 6 
155 9 2 5 7 1 1 2 9 7 5 7 1 6 1 8 3 2 8 8 7 0 8 5 4 1 6 5 4 6 2 1 5 4 6 4 7 9 9 8 8 6 5 1 3 8 0 6 3 0 6 2 1 5 7 5 8 3 3 4 2 5 5 9 1 3 4 0 5 5 8 5 1 5 7 6 6 9 2 1 9 1 3 0 8 0 8 8 5 1 4 9 8 9 9 1 4 5 1 1 2 9 7 3 6 4 0 2 3 4 3 4 7 6 7 7 8 5 5 6 8 9 5 8 0 4 9 7 1 0 8 3 1 5 7 9 1 9 2 6 5 7 1 5 6 8 2 6 5 0 2 3 9 8 1 2 
94 2 9 6 4 7 9 7 3 8 6 6 9 0 3 7 0 4 2 6 2 6 2 7 6 7 2 8 5 5 0 1 7 9 9 1 8 1 8 3 9 6 0 1 7 3 8 7 9 2 5 1 0 7 0 9 4 4 9 1 9 9 5 8 0 4 1 0 5 9 4 7 7 6 8 6 9 8 3 8 2 8 1 4 8 3 5 4 7 4 8 8 5 5 6 
207 9 7 8 7 8 4 4 5 0 4 2 9 4 7 9 8 8 0 4 8 5 0 4 2 4 2 0 0 7 8 9 9 5 7 6 3 1 2 0 1 8 4 2 4 2 3 2 0 5 8 0 0 8 4 4 5 9 4 7 8 4 6 7 9 4 5 4 7 9 5 1 7 1 3 1 3 9 5 5 4 4 5 5 4 2 9 9 1 6 6 9 0 5 9 2 9 4 6 8 6 3 9 3 5 5 7 0 4 4 8 8 0 5 5 5 7 7 6 8 5 5 8 7 0 9 9 1 5 8 9 1 3 9 7 0 4 6 1 0 0 1 0 3 6 6 0 4 5 6 2 0 3 2 7 3 1 9 6 9 9 6 0 2 7 7 3 3 3 6 3 6 9 3 9 5 1 9 9 6 7 4 8 1 6 8 6 0 7 5 1 8 3 1 0 0 1 5 3 6 3 8 4 2 3 3 8 7 
174 9 5 4 3 4 7 2 4 5 4 3 0 5 1 3 8 1 3 9 9 8 6 4 8 0 7 4 6 7 1 2 6 6 6 2 2 3 4 6 1 8 9 1 5 0 5 3 4 0 3 5 1 1 9 1 3 8 5 1 5 6 6 4 5 2 6 7 8 2 4 9 2 5 2 7 6 7 2 2 0 7 7 3 0 6 4 6 5 2 7 2 0 3 6 5 8 4 5 8 8 1 9 0 6 1 9 4 1 2 6 1 9 3 6 0 2 2 6 7 4 5 9 7 1 8 2 1 4 9 9 3 2 8 5 9 9 5 5 2 9 2 3 0 7 1 0 9 4 8 6 0 6 8 7 7 8 2 8 4 1 9 7 4 7 5 5 8 2 0 1 1 4 6 1 
42 0 4 1 4 4 0 4 0 0 4 9 8 6 7 4 9 8 4 5 7 9 2 8 1 3 9 2 9 7 5 1 7 9 5 3 4 7 0 6 7 4 6 
57 2 5 1 1 4 5 9 1 4 1 9 7 6 0 1 6 0 7 9 7 8 4 1 2 1 3 1 8 7 7 7 1 2 9 2 8 6 3 2 1 5 1 0 1 4 2 9 4 9 9 3 7 5 6 2 7 9 
253 7 8 2 7 9 4 6 4 5 2 7 7 5 4 0 6 8 4 0 7 0 9 8 4 8 4 0 2 3 2 7 2 0 9 9 0 6 5 4 1 0 1 8 7 8 0 5 6 5 5 3 7 6 2 1 5 8 4 9 1 6 7 3 8 6 3 8 4 0 2 5 2 6 5 0 4 6 7 2 3 3 5 2 9 9 6 6 9 0 6 0 8 5 6 6 3 9 7 8 1 1 5 6 7 3 8 3 1 5 7 6 8 3 8 0 4 4 8 4 6 6 6 4 1 2 3 5 3 0 5 7 1 0 3 1 5 1 6 6 8 4 2 7 9 1 9 5 7 9 1 4 6 8 0 7 2 3 4 8 5 1 5 7 4 0 0 9 3 6 6 1 2 0 0 1 3 1 9 1 1 0 5 7 0 5 6 5 1 1 3 6 4 0 3 8 2 5 8 5 4 6 8 6 6 9 0 2 2 9 3 3 1 8 0 4 5 9 9 6 0 4 3 6 6 8 5 8 6 5 5 0 1 5 8 9 6 8 1 9 9 6 2 3 4 5 7 2 4 6 0 6 2 3 
262 8 4 9 8 0 4 3 2 5 0 0 7 7 1 0 6 0 7 0 5 3 5 2 5 1 0 6 7 2 1 2 0 7 1 8 7 6 3 1 3 4 2 2 3 3 3 1 5 0 1 1 3 9 3 9 0 4 7 0 8 8 2 9 6 5 9 5 3 5 7 7 1 1 9 4 4 2 5 1 2 8 2 8 7 8 7 0 4 6 0 2 6 4 3 2 9 3 0 5 0 9 2 1 0 3 7 4 8 4 5 2 2 0 0 0 8 9 2 4 5 2 6 2 8 0 6 9 5 8 4 5 7 8 6 7 4 3 3 2 9 1 4 1 1 7 3 1 8 5 5 4 9 3 8 9 3 6 9 0 5 5 5 2 4 3 2 8 8 5 2 7 6 8 9 9 5 2 2 6 0 9 0 9 3 0 9 8 8 0 9 3 5 6 8 1 0 0 1 8 7 3 6 4 4 7 5 1 1 8 7 1 9 9 3 2 9 4 3 8 4 4 3 1 0 1 5 0 3 6 1 1 2 9 7 6 6 2 9 9 2 7 1 4 6 6 8 8 0 1 8 6 5 1 7 8 5 2 0 8 1 1 9 
223 2 8 1 0 3 2 0 7 9 3 1 8 9 0 6 9 1 4 5 9 7 4 7 2 7 9 3 0 1 4 5 5 3 6 6 6 8 6 3 0 9 5 8 0 5 6 9 8 2 6 9 9 0 8 4 9 8 7 1 1 1 6 6 6 4 2 2 5 0 8 5 1 3 5 1 0 1 2 0 3 8 2 2 1 0 8 2 8 5 4 9 9 0 8 5 5 0 0 0 3 8 7 4 3 2 6 5 3 8 7 6 9 9 0 2 0 1 6 0 6 0 0 7 3 0 3 0 0 5 0 5 3 9 0 8 1 6 3 6 6 0 2 7 0 4 1 2 5 8 2 4 0 4 3 3 4 6 5 7 3 7 2 6 6 2 4 7 0 9 3 9 0 7 8 2 4 0 4 1 8 6 7 0 3 1 4 7 9 9 4 3 7 9 1 5 1 6 3 4 7 8 5 9 8 3 1 2 3 7 3 3 4 3 4 7 4 0 6 3 1 3 6 8 
72 0 4 5 8 9 9 5 7 4 5 5 0 8 9 3 6 5 7 2 8 3 1 2 3 7 7 4 0 6 5 4 6 1 0 4 0 1 9 9 8 6 7 8 5 8 1 1 3 0 3 3 3 4 5 8 3 5 5 6 1 0 0 9 1 0 3 3 2 4 4 0 1 
23 8 8 4 1 1 7 2 4 1 7 0 8 8 5 5 3 1 6 3 2 5 6 4 
260 1 6 5 7 8 8 3 6 8 7 0 9 6 4 5 9 3 7 0 1 2 5 6 4 4 1 8 9 7 2 2 0 1 9 0 9 9 3 8 7 2 8 6 8 4 1 8 7 8 8 1 2 3 7 8 7 9 6 9 8 1 3 1 2 2 1 3 3 6 1 0 8 1 8 6 7 1 6 5 1 4 8 3 0 5 2 9 6 0 0 5 3 5 6 5 7 9 9 0 5 2 2 5 6 0 1 3 3 8 0 4 4 8 0 6 4 4 8 2 4 8 7 8 4 5 5 3 4 6 6 1 1 8 6 7 1 0 2 6 0 3 1 6 3 1 3 9 5 1 2 1 1 9 1 5 7 7 1 3 3 7 5 4 7 3 3 0 5 8 7 5 1 0 2 6 1 7 6 8 0 8 9 1 9 3 9 6 0 0 2 5 9 7 2 8 2 7 1 8 5 8 5 8 0 7 5 1 6 1 1 6 1 2 8 0 5 9 9 7 9 1 3 0 0 7 8 4 4 1 2 0 9 8 8 1 7 3 2 6 6 5 2 7 8 2 0 5 1 1 3 2 4 8 2 6 5 3 0 1 4 
185 1 6 5 2 7 4 7 2 0 6 9 5 5 7 7 7 5 1 8 0 3 4 8 8 0 5 3 3 6 7 8 0 5 3 4 3 9 1 7 0 9 6 7 5 6 6 2 1 7 1 3 3 7 1 1 8 8 4 1 4 3 1 6 9 6 0 4 5 4 3 5 5 9 2 0 7 9 3 0 8 6 3 1 3 6 4 3 4 0 6 1 4 7 7 5 5 0 1 1 6 4 8 1 5 1 4 5 2 7 5 2 5 1 6 8 7 0 4 2 3 2 3 9 0 2 4 7 4 7 8 2 3 7 6 0 0 0 5 2 9 3 6 4 4 2 4 1 3 8 3 8 1 8 7 3 3 3 0 9 0 1 2 5 8 8 5 8 0 3 2 9 6 8 3 0 3 9 3 8 8 9 6 1 9 3 
196 2 6 8 2 8 9 6 5 9 6 0 7 6 5 1 7 3 2 0 3 5 9 9 3 9 8 9 2 7 2 8 2 0 9 6 0 0 2 5 0 8 7 7 6 3 1 3 6 3 5 2 8 6 1 1 6 1 0 0 0 4 1 2 4 0 8 6 0 2 1 0 0 8 0 8 3 1 1 0 4 6 4 2 5 7 5 3 8 5 3 8 9 4 3 5 6 3 1 7 6 4 9 6 2 1 7 6 2 8 8 8 7 2 2 4 9 7 7 9 2 0 9 3 7 2 0 3 6 3 2 4 7 4 2 0 5 9 8 8 0 8 8 7 0 1 3 1 0 0 0 5 0 9 8 9 4 1 3 2 4 7 6 4 1 8 6 7 0 4 7 0 2 7 9 4 8 2 5 9 2 7 4 4 8 4 4 2 7 9 6 2 6 4 6 0 3 
172 7 5 8 6 5 2 3 4 6 4 6 3 5 0 0 1 4 8 7 0 3 5 1 9 9 8 4 7 0 9 1 7 4 9 5 1 3 8 5 9 4 3 4 9 5 4 0 1 2 8 2 5 3 3 7 2 3 3 9 3 2 2 2 8 1 7 9 6 8 4 7 2 9 1 2 4 5 4 5 9 4 9 7 7 3 4 1 8 7 2 4 1 4 6 9 7 6 0 3 4 6 0 8 5 1 2 1 8 9 6 0 3 8 7 1 3 3 4 1 2 9 5 5 3 4 4 3 0 6 6 6 2 9 6 7 2 1 0 1 0 6 1 3 6 0 4 9 5 1 3 7 0 8 2 5 4 8 8 6 4 7 4 6 6 1 5 8 2 5 1 2 3 
294 7 0 4 2 1 9 5 4 8 5 5 2 0 9 2 9 8 6 6 2 4 4 5 1 4 9 8 6 3 2 0 1 4 7 5 5 8 0 0 7 5 5 1 7 6 4 8 4 2 6 9 7 0 4 0 5 4 9 3 7 3 3 0 9 2 5 6 1 5 8 0 2 3 1 0 2 5 0 6 8 7 7 7 9 2 9 6 8 0 9 7 3 5 8 4 7 3 1 0 1 9 0 3 5 2 5 7 9 8 5 9 5 3 8 6 7 8 3 5 8 2 2 4 9 2 8 7 6 1 9 9 1 0 2 8 4 0 7 5 8 2 5 5 7 3 1 4 3 4 1 4 9 4 0 8 8 8 7 4 2 7 5 5 9 0 3 3 0 0 8 0 4 5 5 2 1 8 8 6 5 0 0 6 6 0 6 4 1 4 1 3 3 6 8 2 6 3 7 8 3 7 8 7 3 5 1 6 6 0 2 1 2 3 7 8 5 3 4 6 9 5 1 2 4 9 6 2 4 3 1 7 3 1 7 6 9 8 4 5 0 6 8 2 1 7 2 7 2 7 3 2 4 5 6 8 6 5 3 1 8 6 0 1 7 9 9 8 8 3 5 0 2 3 3 3 2 7 0 5 4 6 7 1 3 5 1 1 0 4 4 1 0 5 4 
50 4 4 8 4 9 4 7 3 9 2 7 2 9 9 7 6 7 6 7 0 1 8 4 2 3 8 5 3 5 9 5 2 5 4 8 7 0 5 0 1 7 9 3 9 1 2 5 8 8 2 
41 2 2 5 6 5 5 1 1 1 0 6 5 6 2 3 3 2 1 5 4 8 5 9 9 6 2 4 4 2 8 7 4 1 2 0 8 8 3 9 1 4 
98 6 2 0 1 5 5 2 0 9 3 7 0 2 3 2 7 0 7 7 7 1 8 0 4 7 0 7 8 3 3 6 1 5 9 2 2 4 5 5 5 8 2 7 2 6 2 1 8 9 9 5 0 7 7 6 6 9 4 5 2 7 3 3 3 4 8 5 0 3 0 7 3 5 5 5 3 7 9 1 6 8 6 8 5 4 5 2 5 9 9 8 8 4 3 3 9 1 1 
59 4 3 7 9 8 2 7 1 1 6 2 7 4 1 5 1 7 0 5 2 1 4 0 2 9 6 5 8 7 6 9 4 0 6 5 8 0 2 2 1 0 6 0 6 7 6 8 4 8 3 7 2 0 9 4 1 5 9 1 
23 8 0 9 8 7 4 8 9 7 0 3 9 7 3 6 6 1 6 1 0 1 0 4 
151 1 8 4 7 9 5 2 7 6 3 5 5 7 6 4 6 8 7 6 7 3 4 4 4 0 7 6 3 9 0 5 0 8 1 9 0 7 3 7 3 6 5 0 4 1 4 2 1 4 8 9 7 2 3 3 4 2 0 8 1 0 5 3 1 6 3 1 5 8 0 8 5 5 8 1 8 5 3 0 1 4 9 0 8 4 3 3 8 3 3 9 6 0 4 7 8 7 0 4 6 0 2 3 6 3 4 6 0 9 6 1 3 7 1 2 3 6 7 1 2 0 2 0 0 7 7 8 6 9 2 4 9 7 9 7 2 5 4 2 5 2 3 0 2 6 2 7 4 9 1 8 
121 5 8 3 2 7 4 1 6 8 7 6 7 7 3 9 2 9 1 7 4 6 0 6 4 2 3 1 4 6 9 7 2 8 1 6 5 7 7 2 5 5 0 3 4 5 2 6 5 6 6 1 2 6 7 9 0 2 0 6 9 9 4 1 9 7 7 7 4 7 9 9 4 1 2 8 6 7 6 3 3 4 4 7 0 1 6 3 6 8 9 7 0 3 0 1 0 9 8 4 6 9 6 2 0 0 2 7 7 9 0 2 3 5 0 6 8 8 9 4 7 0 
163 9 4 3 0 6 3 9 3 1 8 9 4 9 1 6 8 9 7 8 1 1 5 3 9 4 2 0 0 1 0 4 0 6 7 2 3 2 1 8 4 2 9 0 3 0 6 1 1 6 1 5 7 7 8 8 1 2 8 3 3 0 7 5 7 7 8 2 1 1 0 5 3 1 7 6 1 4 9 5 0 1 0 9 8 8 9 1 1 7 4 6 9 4 4 6 3 4 8 4 5 0 2 1 1 9 9 5 5 9 0 7 0 0 8 0 0 7 1 1 6 7 0 6 1 4 2 6 8 3 1 5 3 5 6 7 4 8 4 0 7 4 9 9 6 8 1 6 5 2 0 4 1 0 0 5 4 4 1 4 9 4 9 3 
209 6 2 4 4 6 6 3 2 5 4 8 5 5 4 1 9 6 7 0 6 7 5 2 3 9 6 3 3 6 8 3 4 0 9 0 8 5 5 0 2 9 8 8 6 4 1 7 3 8 7 9 7 5 4 2 4 0 5 7 8 5 0 4 7 1 6 5 8 1 7 1 2 7 1 0 4 4 7 7 4 5 8 3 2 2 5 6 5 3 5 5 0 6 0 8 9 6 5 8 0 3 1 2 0 2 3 6 8 0 3 2 7 2 7 9 4 2 7 1 7 3 7 8 1 7 8 0 5 3 8 5 8 9 0 1 3 3 7 3 5 1 5 5 3 2 6 9 7 4 3 6 9 0 4 2 9 2 2 4 8 3 0 6 4 2 7 0 7 5 3 2 6 1 9 1 5 6 2 4 2 5 1 3 5 5 5 4 0 9 1 8 2 3 4 9 5 4 9 2 9 4 6 7 5 6 0 3 4 2 
227 8 0 8 1 7 6 6 4 6 5 5 6 0 0 2 9 5 6 0 7 5 6 5 4 2 1 4 7 7 7 4 5 9 5 6 6 1 4 2 9 2 9 7 2 9 9 3 4 6 5 3 3 1 9 0 5 0 4 2 0 3 9 5 2 4 4 1 5 8 3 4 0 5 1 4 4 2 7 9 0 4 2 6 6 3 6 3 6 0 6 6 6 5 1 8 9 5 1 6 6 7 2 6 2 5 1 6 7 0 7 8 5 2 6 3 5 2 6 1 4 4 9 0 9 1 1 0 8 4 6 4 1 0 3 5 5 6 4 3 6 1 3 3 5 9 6 3 3 5 6 7 9 6 0 1 9 3 1 9 7 0 6 1 2 9 6 8 5 0 3 3 4 6 7 1 7 5 4 2 0 1 1 0 7 1 1 8 4 4 7 4 6 3 5 9 2 1 9 9 4 2 5 0 0 2 1 9 9 6 1 0 9 2 2 6 6 5 6 2 1 3 6 8 7 3 9 1 
85 8 3 1 2 8 1 2 2 2 1 1 0 4 1 9 8 5 7 6 0 3 1 2 9 7 2 8 1 3 1 8 3 4 9 5 4 2 9 6 6 0 8 9 6 1 0 4 9 8 3 9 3 4 3 4 3 5 2 6 8 6 4 1 0 5 8 7 9 7 3 6 7 3 7 5 7 7 2 6 5 5 7 1 9 1 
187 2 8 0 9 7 6 5 0 8 3 9 7 2 6 1 0 6 6 7 1 5 5 3 3 2 0 1 5 9 2 3 4 0 5 3 9 3 0 2 3 3 1 1 6 9 4 8 5 0 6 9 8 1 4 1 5 5 2 1 6 6 4 0 9 9 5 8 2 6 0 5 9 3 8 7 3 2 6 0 3 2 9 1 5 4 2 0 1 7 3 7 3 7 8 2 8 3 3 2 9 5 0 1 1 8 8 4 1 6 4 6 0 4 9 5 0 1 8 1 0 1 8 4 1 6 8 1 2 3 4 3 9 4 4 0 2 3 6 5 1 0 1 2 6 0 9 8 4 7 9 4 1 0 0 4 8 9 5 0 4 9 4 3 3 8 5 8 3 3 3 5 6 7 9 2 7 8 1 1 6 2 6 9 2 6 3 1 
77 8 1 2 0 7 7 3 6 5 3 1 8 9 8 4 6 7 9 3 6 2 7 4 4 5 5 7 1 8 0 1 8 1 5 8 9 4 4 7 9 9 0 0 8 9 4 4 6 3 0 2 5 7 8 2 2 3 9 5 3 1 8 2 4 3 0 5 0 6 2 9 6 3 9 4 2 6 
31 0 1 1 5 9 0 3 1 4 7 2 9 0 3 0 4 7 5 5 3 5 3 7 7 9 0 6 4 4 4 7 
165 6 8 2 5 0 5 6 4 4 8 5 7 3 7 1 0 3 8 5 8 2 3 5 3 5 4 7 0 8 4 7 4 4 9 1 6 6 7 2 3 7 0 0 0 7 3 3 0 4 8 1 8 1 8 1 7 4 1 9 3 7 8 9 2 9 1 0 5 0 3 8 8 3 0 0 0 4 3 3 0 4 6 8 7 4 9 4 9 0 5 4 0 3 5 2 2 6 4 0 9 9 0 9 2 1 9 5 7 5 0 7 1 6 7 8 0 6 5 1 9 0 5 9 6 1 3 8 9 9 0 0 9 1 9 1 2 1 8 9 8 8 8 9 4 5 7 7 3 4 8 4 5 6 5 1 9 0 1 8 0 2 9 1 3 0 
132 7 1 3 8 9 1 6 0 8 3 8 5 8 4 3 5 9 1 0 2 0 3 4 9 3 8 0 4 3 0 8 0 4 3 8 3 5 6 4 5 1 4 0 9 8 5 4 0 7 7 2 7 0 8 8 5 6 0 1 1 3 9 1 7 5 9 2 2 7 6 7 8 2 9 0 3 4 4 5 3 3 7 3 3 8 3 8 6 4 9 8 9 1 9 6 6 1 8 8 0 7 7 9 9 6 9 4 2 5 9 8 9 9 1 2 7 6 3 5 2 4 3 1 5 5 7 3 8 6 3 8 5 
70 9 6 8 0 1 1 6 2 9 7 1 2 1 0 0 4 6 3 9 1 4 6 8 4 2 8 2 5 9 7 8 8 3 6 9 6 9 7 9 0 4 2 2 5 3 5 2 1 8 1 4 4 9 5 0 1 3 2 9 2 1 9 3 7 7 2 3 7 1 4 
237 5 7 2 2 0 7 4 3 7 7 7 3 7 4 4 0 8 6 1 2 0 2 5 7 0 9 0 7 0 7 6 5 4 8 0 6 7 4 9 6 2 8 0 1 3 4 3 3 2 7 5 2 9 3 9 9 2 2 8 3 9 5 0 5 5 0 1 5 7 2 1 1 2 3 2 5 7 7 0 2 4 8 6 6 1 6 7 3 0 6 6 1 3 9 6 8 9 9 3 8 1 7 9 3 0 1 1 0 1 3 4 7 1 0 3 2 8 3 8 8 9 4 1 2 5 9 2 7 8 8 5 9 5 5 5 7 8 8 9 9 1 3 9 3 4 4 7 4 7 5 5 6 2 6 0 7 6 3 4 4 1 2 6 8 7 1 5 5 1 7 7 2 0 8 7 6 2 5 1 0 0 6 8 2 4 9 2 0 4 8 7 5 0 3 5 7 6 0 5 7 9 4 1 2 2 9 8 6 4 1 8 6 9 7 1 6 8 3 6 4 1 5 1 4 0 6 1 8 8 8 7 8 4 9 0 6 8 
270 5 4 4 3 0 3 2 1 1 2 6 0 6 0 5 7 4 6 3 7 6 4 8 4 2 2 3 4 1 3 4 6 7 8 1 7 4 4 1 5 6 9 7 5 9 3 4 5 1 0 5 7 4 3 1 8 5 6 2 6 9 6 4 6 7 6 6 3 2 7 0 8 8 8 5 8 1 0 5 4 0 0 1 6 3 5 4 1 1 6 7 3 4 4 9 1 0 5 4 2 4 7 2 3 5 8 3 8 0 8 2 2 1 5 8 4 2 2 5 4 8 5 7 2 9 8 6 1 6 2 3 0 9 5 5 4 5 0 2 7 9 6 9 2 2 7 6 4 9 4 0 9 1 9 4 0 0 0 1 6 2 6 8 4 3 4 8 1 4 3 8 5 9 8 9 3 7 6 0 9 2 0 8 3 2 2 5 2 4 8 8 9 6 8 3 9 4 3 0 1 6 9 6 8 9 6 3 6 4 3 5 8 4 6 3 8 0 0 0 5 8 0 6 6 8 9 5 3 2 8 4 1 9 2 1 8 0 4 6 6 8 4 4 4 0 9 4 0 9 4 7 9 6 3 5 4 4 3 9 9 1 5 2 0 8 3 0 0 9 8 
137 9 2 3 5 4 3 9 7 2 5 4 2 1 0 9 8 6 2 9 5 5 5 9 7 3 4 7 3 6 8 2 5 0 6 3 5 9 4 4 1 0 0 5 3 2 7 3 9 1 5 6 7 0 6 4 5 2 4 0 8 2 3 6 4 9 9 1 0 3 5 3 5 6 9 1 8 8 6 9 9 1 6 6 3 4 3 8 6 9 9 5 3 4 3 7 5 2 1 5 7 8 8 5 6 9 6 5 7 4 6 9 8 4 7 1 8 0 2 7 1 3 4 4 7 7 4 2 9 5 7 8 3 7 3 0 7 1 
47 6 6 5 5 6 0 3 7 8 3 1 5 7 4 1 1 3 8 5 5 9 2 4 8 8 4 3 0 1 5 7 7 3 4 3 9 4 6 8 3 1 0 0 8 6 4 2 
80 2 9 7 4 2 2 4 0 6 7 0 9 2 9 6 7 3 1 8 0 9 7 5 3 9 7 3 5 1 5 5 6 5 5 0 9 9 4 9 7 3 1 6 8 2 4 5 7 8 4 7 7 3 2 0 2 0 4 9 3 1 7 9 8 2 9 7 1 5 8 8 9 1 6 7 3 0 2 3 8 
268 0 6 1 5 8 3 7 4 5 0 8 2 0 6 4 1 4 5 7 4 5 6 6 1 5 1 1 7 4 2 6 7 0 9 4 8 5 1 5 0 3 3 2 3 9 6 7 5 3 4 0 0 2 8 1 7 9 4 6 4 8 4 1 8 4 5 9 9 8 4 9 1 9 3 7 8 1 4 6 6 0 8 6 2 6 9 1 5 5 7 9 4 4 2 2 8 9 3 9 9 7 8 1 8 3 0 9 4 6 5 0 6 3 8 0 9 7 3 6 2 0 8 6 4 0 1 4 2 4 3 1 4 3 4 2 6 4 1 2 0 6 2 8 1 0 8 2 9 1 9 2 4 7 0 0 9 1 5 1 6 0 5 0 4 9 2 0 4 4 3 6 2 7 5 4 0 5 8 9 9 7 1 3 6 4 5 8 5 0 9 3 1 4 3 7 6 8 9 2 4 4 8 8 2 5 4 4 1 3 3 0 2 7 5 9 1 2 7 6 3 8 0 6 5 5 5 1 5 4 5 1 9 3 0 3 9 4 7 2 9 0 4 2 9 1 3 0 3 2 9 8 2 1 6 7 8 1 0 4 6 5 5 7 1 7 0 0 2 
189 4 1 9 8 5 9 9 8 1 4 2 0 3 5 3 9 4 2 1 5 6 7 2 3 6 3 1 6 5 5 5 1 8 6 9 6 7 0 6 9 5 9 1 8 4 5 7 8 7 0 5 5 9 0 0 5 5 3 3 1 8 0 4 9 7 4 5 6 6 1 7 1 0 1 1 6 6 1 7 5 1 4 2 1 4 2 6 0 8 2 3 6 2 7 7 9 3 2 8 0 4 5 3 6 6 5 5 4 8 2 1 9 6 3 2 3 8 1 3 6 3 6 4 5 5 2 7 9 4 5 9 0 2 4 9 9 1 4 5 9 6 7 9 4 0 3 7 0 4 2 6 9 8 1 5 6 3 4 5 9 1 6 2 3 2 1 4 4 5 0 3 3 7 4 7 9 8 7 0 4 9 6 4 0 9 1 6 4 7 
263 6 8 1 8 1 3 9 8 7 4 8 3 9 5 7 6 4 7 5 4 2 5 3 8 5 2 1 3 9 8 6 5 8 7 3 1 2 2 9 0 8 7 3 7 4 2 5 9 0 1 5 4 6 0 4 3 3 7 6 4 5 2 9 3 1 4 6 3 6 6 5 6 3 0 3 0 3 0 9 5 1 6 1 9 7 5 2 2 2 8 6 9 2 7 4 5 1 0 1 9 6 6 5 2 9 0 2 4 0 3 9 4 1 2 3 8 7 8 2 1 8 0 2 1 7 6 6 8 8 7 9 7 6 4 1 5 6 5 9 7 8 0 3 1 2 8 0 1 6 4 4 5 5 6 8 2 4 6 3 4 6 2 1 2 9 4 9 5 9 0 4 9 0 7 1 4 6 3 5 2 7 1 9 2 7 7 7 3 6 2 7 2 6 1 6 5 5 5 3 5 7 7 4 9 5 7 3 3 0 0 5 8 1 7 2 0 4 1 3 0 3 0 4 0 1 0 7 7 7 0 4 4 8 0 3 5 8 6 8 8 8 3 8 9 2 3 9 9 4 4 1 0 5 6 2 8 6 9 5 4 0 1 8 
38 2 4 5 0 2 3 0 1 8 1 0 1 6 2 0 2 6 1 2 3 7 4 2 6 6 9 2 6 1 2 6 5 6 1 7 9 4 7 
130 2 0 2 3 8 6 5 1 5 7 5 8 6 2 2 4 8 4 6 4 7 9 2 2 5 3 9 6 9 8 8 3 9 3 9 7 9 4 0 4 3 6 5 0 8 7 4 8 3 3 2 0 2 6 2 9 1 1 8 2 2 6 5 3 9 4 2 9 1 3 5 4 1 2 6 9 2 3 7 5 6 1 6 0 9 0 1 0 2 9 2 6 6 7 9 7 4 1 8 7 4 4 1 5 8 0 6 0 5 5 6 3 6 4 3 7 4 4 7 8 6 1 4 2 1 3 1 5 5 0 
12 1 6 5 7 4 5 5 5 2 1 3 5 
169 7 8 7 3 5 4 2 3 6 6 5 7 2 8 4 9 8 8 0 4 3 7 1 1 3 8 3 6 1 9 5 0 9 2 5 6 9 7 9 7 6 6 4 0 5 0 9 5 8 9 2 3 9 3 6 4 1 0 0 4 1 5 6 2 8 1 1 9 9 2 6 7 9 2 7 6 2 6 3 2 5 5 5 6 0 2 0 1 4 0 7 7 6 3 1 6 5 2 5 6 7 1 3 8 3 2 6 7 8 9 9 5 7 6 2 7 0 2 1 4 5 8 3 1 2 5 9 9 9 6 7 6 7 0 4 2 4 2 9 4 2 0 9 9 6 3 6 7 8 7 3 3 8 7 6 2 4 7 1 5 3 8 4 2 0 0 6 6 3 
97 0 5 7 1 6 5 5 2 2 5 2 8 0 2 7 6 4 1 3 7 8 8 7 2 0 9 3 6 5 6 3 5 3 0 6 9 7 3 3 2 0 7 0 0 9 7 6 3 0 1 2 0 9 9 3 1 8 6 7 3 4 0 0 7 2 9 6 2 2 1 4 3 9 4 5 8 3 2 4 5 5 6 7 7 8 0 8 6 8 6 2 2 8 2 1 3 1 
107 5 6 1 1 1 0 7 6 8 2 0 4 9 6 1 6 3 1 7 3 7 7 9 1 0 0 4 3 5 7 1 2 3 4 3 4 4 2 1 2 4 1 9 3 9 2 9 4 3 8 8 0 6 9 4 8 1 8 1 6 5 4 0 1 8 3 5 2 5 8 7 1 2 6 4 1 8 6 8 1 4 6 3 2 7 7 0 9 7 2 5 5 6 8 6 7 3 3 9 1 4 6 2 6 4 9 9 
192 5 7 5 1 5 1 4 3 8 6 4 8 8 1 3 7 9 9 4 3 4 5 4 8 4 6 6 8 7 6 3 2 5 0 6 3 1 0 8 0 6 2 8 7 3 3 6 3 2 2 8 8 7 2 7 1 0 3 2 8 1 7 2 9 7 8 4 9 8 2 1 7 6 9 6 9 4 2 4 6 4 2 4 3 6 3 7 7 9 9 5 0 6 7 1 3 6 5 4 6 9 5 5 5 6 1 5 0 3 1 8 7 4 5 1 0 8 0 9 7 9 6 0 7 6 1 2 2 7 7 0 6 4 6 4 1 7 1 1 3 2 2 2 8 7 5 1 5 5 0 3 6 7 3 3 3 6 6 7 3 5 9 2 9 7 6 0 7 9 4 0 1 6 2 0 3 0 1 0 5 3 5 2 0 0 5 5 7 3 4 0 0 
274 4 0 1 2 2 8 1 8 8 5 6 3 5 1 3 8 2 0 3 9 2 6 0 0 1 7 5 6 9 6 0 4 8 3 8 2 2 2 1 2 7 9 5 4 3 0 2 7 1 7 6 5 3 6 5 5 3 1 3 5 9 5 1 7 8 9 9 0 1 2 5 8 4 0 2 7 3 6 4 4 4 0 9 9 9 7 6 4 8 9 9 9 4 0 6 5 0 7 7 3 2 2 4 6 5 6 3 8 5 7 4 1 9 5 0 8 2 7 5 2 8 4 1 3 5 9 0 7 7 7 2 9 0 6 5 5 5 0 5 2 9 9 3 8 6 5 9 9 4 4 3 3 0 5 8 7 6 8 6 3 5 9 4 7 7 9 2 4 1 9 6 0 8 1 1 5 9 2 6 3 8 9 8 8 6 6 6 3 6 4 8 4 5 3 1 3 4 6 7 6 5 6 8 6 7 9 3 8 1 9 2 1 0 2 0 9 9 8 4 7 2 2 1 8 7 3 3 2 1 2 0 6 8 8 4 8 0 7 6 3 8 0 5 9 3 7 0 4 7 4 1 9 8 3 9 8 8 4 2 1 7 2 9 5 2 4 5 2 1 2 8 0 2 5 
81 7 2 3 1 9 9 3 0 7 8 2 7 8 6 9 9 5 1 8 3 6 2 8 0 6 2 8 8 5 3 9 2 7 4 6 6 3 9 7 2 7 1 0 7 7 9 6 5 3 6 8 9 1 6 9 7 9 0 5 6 3 6 0 1 2 6 9 5 5 8 7 4 9 7 3 9 7 9 4 0 8 
232 1 9 0 0 8 9 0 5 7 6 3 8 9 5 4 8 0 2 7 9 8 8 9 2 7 6 3 3 8 1 7 9 2 8 1 2 9 4 7 7 0 2 7 9 7 3 9 9 5 8 1 6 7 0 8 6 8 1 0 8 5 7 9 9 7 0 2 7 4 1 6 6 4 3 5 3 6 7 5 2 5 8 8 2 8 8 9 6 1 1 6 6 8 5 8 6 5 0 5 2 3 1 8 9 4 6 3 0 3 0 4 8 8 4 3 8 2 2 6 6 5 2 4 5 7 2 3 4 4 8 6 8 9 7 7 5 3 2 8 8 4 4 8 4 9 1 2 3 5 8 9 0 2 4 6 9 8 9 6 3 8 2 1 9 1 0 5 6 3 5 4 9 9 5 4 8 6 8 4 2 7 5 2 1 1 0 3 0 0 9 3 0 3 6 9 5 8 6 3 3 1 0 3 1 5 7 1 1 5 7 5 4 5 8 6 6 8 1 8 0 0 3 0 5 9 0 0 8 8 6 1 0 
86 6 3 1 3 6 4 1 6 0 5 1 0 3 7 8 6 6 1 6 9 1 4 1 3 6 1 2 2 4 4 8 1 7 1 4 5 6 7 1 6 5 2 6 0 0 6 7 8 7 5 9 1 9 0 4 6 1 6 8 6 0 7 7 9 0 3 7 6 1 8 4 6 1 0 6 3 9 3 3 8 1 2 9 0 5 4 
276 6 2 5 4 5 4 3 6 4 7 3 3 0 2 7 8 5 0 4 0 9 0 5 7 1 7 9 3 2 3 0 1 7 5 5 2 1 1 9 7 0 2 0 0 6 8 8 3 8 4 3 9 6 8 8 9 8 7 3 0 2 3 3 0 0 1 2 3 2 3 0 2 8 1 4 4 1 4 0 1 8 3 0 7 4 8 8 2 6 1 4 8 6 8 0 8 1 5 1 5 8 2 7 8 5 3 5 6 7 5 7 7 8 9 4 4 7 3 6 5 6 1 6 5 1 6 3 4 1 7 9 2 1 6 0 6 9 5 4 8 2 3 5 3 2 2 7 1 7 4 9 5 7 5 0 0 3 6 4 5 3 3 9 4 1 1 2 2 9 6 0 1 9 7 4 1 9 2 4 6 8 3 2 7 8 4 7 4 0 3 9 5 6 0 9 7 1 1 1 0 7 1 4 8 0 8 9 0 2 6 8 0 9 2 9 0 7 6 4 9 9 5 5 7 5 6 6 8 8 7 9 7 0 3 6 1 3 7 3 6 5 1 8 5 6 8 5 5 6 9 4 6 4 1 5 1 8 2 9 8 1 8 7 4 3 5 5 7 5 0 5 0 3 3 5 9 
103 2 4 0 1 1 8 7 4 3 8 4 7 8 2 1 8 2 5 4 7 2 1 4 2 8 5 5 3 2 5 7 5 1 7 8 4 5 8 9 0 6 3 8 6 8 9 5 2 6 9 9 8 2 6 0 0 1 5 3 5 2 2 2 6 9 1 0 6 9 1 7 7 5 7 6 5 8 1 7 4 2 8 4 6 4 4 8 7 1 3 3 6 6 5 2 7 8 4 4 9 6 3 9 
183 2 5 0 2 8 7 8 0 7 2 8 4 8 6 1 9 1 6 7 7 4 9 5 2 6 1 4 2 6 3 7 8 8 7 2 6 6 0 8 3 4 8 7 2 4 1 3 5 7 1 5 1 0 2 6 8 3 0 0 1 5 7 1 5 6 3 3 2 5 1 6 9 1 5 3 5 6 6 2 6 7 9 9 0 1 5 8 6 7 1 7 2 0 8 7 7 3 0 9 8 3 7 9 4 5 2 1 3 9 6 9 8 5 9 8 7 6 9 5 4 0 3 6 0 3 6 9 9 6 1 7 2 0 9 8 5 3 0 1 2 8 0 3 3 1 3 2 8 2 0 4 4 3 0 7 8 6 6 7 5 9 7 9 0 6 7 7 9 9 8 4 7 1 9 3 2 2 7 2 7 7 6 1 
72 9 8 3 7 7 0 4 6 9 3 6 7 3 4 9 2 4 5 2 5 4 7 8 6 6 2 3 4 9 7 8 0 5 1 7 4 4 2 1 3 5 9 3 0 5 2 3 0 7 7 5 1 6 5 9 2 0 5 8 9 2 7 9 9 0 8 4 4 0 7 0 8 
186 3 8 4 5 3 6 4 2 3 7 8 9 6 1 1 3 1 2 5 0 1 5 1 1 1 7 2 8 7 0 6 2 0 0 9 4 8 3 6 2 0 7 3 7 8 4 2 1 6 8 2 9 5 3 0 8 0 2 6 0 4 4 2 5 7 2 1 5 7 7 7 8 4 0 7 4 4 9 6 0 9 0 9 4 3 0 2 5 4 0 7 9 5 0 6 4 4 7 9 1 6 9 1 3 9 8 7 6 0 5 8 9 5 8 4 0 0 8 8 6 9 5 7 6 7 3 2 3 2 1 7 9 2 8 4 4 7 1 0 7 9 8 6 6 8 2 9 0 3 9 7 4 4 4 0 4 0 4 7 4 5 6 3 0 5 7 4 4 1 4 3 2 4 1 8 3 6 9 5 9 8 2 3 5 9 5 
299 9 9 8 3 6 5 9 6 2 8 0 6 1 4 1 3 1 2 4 4 8 3 9 7 4 4 2 9 3 7 0 4 6 8 9 3 5 8 9 9 9 2 5 0 6 8 6 7 1 0 3 1 5 5 9 1 1 3 0 4 1 0 8 7 1 9 2 8 8 2 8 7 6 5 9 2 4 5 2 7 7 7 8 5 4 9 6 5 3 9 9 4 9 9 3 2 9 6 1 9 0 1 8 6 6 9 0 2 7 4 9 4 2 8 1 8 9 0 4 2 9 5 8 0 7 2 3 8 0 6 7 0 7 7 6 5 6 8 8 3 3 7 0 7 7 3 5 7 3 9 1 2 5 2 5 2 4 0 0 4 6 9 6 5 6 2 0 4 0 8 8 5 8 0 2 7 3 8 6 7 7 8 1 2 2 6 6 6 8 8 2 4 7 8 1 5 2 2 0 2 2 0 0 2 0 2 2 3 0 8 2 8 8 6 2 0 4 1 8 3 9 0 9 9 8 1 6 0 5 8 5 9 8 5 2 0 7 4 6 0 4 8 8 3 4 2 5 9 3 4 4 5 4 3 4 5 6 2 5 1 1 2 1 9 7 5 2 7 1 8 7 5 8 7 0 5 9 6 6 5 2 0 0 6 5 6 1 2 8 9 3 9 1 6 1 1 1 3 0 
232 3 7 0 1 6 2 6 5 0 4 0 2 4 2 9 0 0 2 2 9 3 7 0 5 4 1 8 5 6 8 0 9 5 2 3 1 4 1 8 7 6 1 9 2 5 0 4 6 5 6 5 8 6 5 3 0 9 1 5 7 1 7 9 6 1 2 9 8 5 0 5 3 1 4 6 8 7 0 4 2 9 9 0 5 7 6 5 8 9 2 5 1 2 6 9 3 8 1 1 6 3 6 9 4 3 5 4 2 8 9 4 9 0 6 4 9 4 1 7 6 5 5 7 7 3 8 1 4 1 4 0 4 3 9 0 6 7 5 8 7 4 4 6 6 2 2 6 7 3 5 3 8 2 2 8 6 2 1 0 6 5 2 0 8 1 1 6 0 8 6 7 4 0 5 0 5 7 8 2 2 4 7 1 8 1 1 4 5 2 6 1 9 8 2 8 2 5 4 4 5 3 4 9 3 9 1 8 9 0 2 1 6 1 4 4 4 5 1 0 9 9 3 9 8 7 7 2 2 3 8 9 6 
22 0 2 4 2 2 3 4 7 4 0 0 1 6 5 6 7 7 6 9 0 7 7 
158 6 1 2 9 9 4 8 4 4 2 8 6 4 3 2 3 7 4 4 0 1 1 9 0 8 7 9 0 4 8 0 0 1 5 1 1 9 9 7 3 1 5 2 8 8 4 1 7 9 7 8 2 8 7 4 8 4 4 9 0 4 1 0 6 6 1 9 7 3 6 1 6 3 5 4 1 1 8 0 2 5 0 4 4 9 1 2 5 5 3 5 1 5 5 9 3 9 8 3 2 6 4 8 9 1 5 0 2 3 3 7 0 3 3 4 3 4 9 8 1 2 6 3 9 1 2 5 0 3 8 4 9 4 3 9 7 8 1 1 3 6 8 3 0 2 0 5 6 9 5 8 3 1 3 5 5 5 2 
97 0 0 2 0 6 5 1 3 5 2 4 0 9 5 5 1 7 5 8 3 6 5 3 0 7 6 7 4 4 9 1 4 1 3 6 9 0 7 2 7 2 8 7 3 3 5 6 0 0 4 6 7 9 1 9 8 8 8 2 4 7 6 8 0 9 5 9 0 4 3 9 6 1 9 1 7 4 7 9 4 3 5 3 5 7 4 3 7 2 8 1 9 4 1 1 5 6 
170 7 3 3 7 1 7 6 3 4 0 2 3 6 6 1 0 1 8 6 6 7 9 6 8 0 2 9 2 8 8 2 5 1 8 4 4 5 0 7 1 2 2 4 9 8 5 1 1 5 7 7 2 6 6 0 7 8 2 1 6 0 5 4 3 3 8 7 0 9 7 1 3 9 8 2 9 3 5 0 1 5 9 3 1 5 6 0 4 8 3 2 0 9 6 5 4 5 2 5 6 1 8 9 2 6 2 1 2 9 1 3 4 3 8 8 8 6 0 4 6 4 7 6 5 3 1 9 8 6 6 4 7 5 6 2 3 0 3 5 9 7 0 4 0 1 4 0 7 4 5 4 0 4 0 5 7 4 5 8 0 1 4 9 8 0 1 2 0 7 9 
172 4 0 8 6 1 2 6 0 8 3 4 9 7 7 4 7 1 9 7 3 3 1 4 1 4 8 3 4 5 3 6 1 5 4 7 8 8 5 8 7 1 3 6 0 0 0 9 3 2 6 8 5 8 4 8 4 2 2 8 9 7 7 0 2 3 9 0 2 7 8 1 0 3 7 0 5 9 0 8 1 8 8 8 8 3 7 2 7 1 3 7 8 0 9 2 5 1 4 9 0 2 0 0 8 9 2 3 9 4 4 2 3 2 3 1 7 2 6 5 3 9 4 3 9 5 5 6 6 9 6 8 3 8 8 1 8 3 7 9 7 1 3 2 3 6 6 3 8 2 8 3 1 4 8 2 9 5 8 6 6 6 4 0 5 5 3 5 0 0 4 7 1 
199 2 7 6 8 0 6 0 0 2 3 4 0 5 3 6 5 1 2 2 8 4 9 5 8 4 5 0 0 4 4 9 6 3 7 6 5 4 8 5 6 1 1 6 8 6 2 4 0 7 6 0 1 5 7 1 1 2 2 1 8 8 0 7 1 8 3 6 4 4 3 2 5 6 8 6 4 3 0 6 2 6 6 3 3 3 7 4 7 1 7 6 9 9 3 2 9 8 0 3 2 3 5 0 1 6 6 7 1 6 4 3 4 0 6 9 6 3 5 3 4 2 9 5 1 4 7 3 3 7 8 7 2 4 7 5 2 5 3 3 3 7 6 9 9 4 8 5 0 5 9 6 7 8 2 1 5 9 6 8 9 4 7 1 0 7 9 2 2 2 7 6 9 3 7 8 0 8 4 0 3 5 8 1 5 0 4 0 2 0 0 3 4 8 4 7 5 5 9 7 
177 7 5 8 2 5 9 2 3 5 4 6 0 3 9 5 5 5 6 7 7 6 0 4 4 7 1 1 2 0 1 2 7 8 0 2 3 1 4 6 6 1 5 6 4 4 4 9 2 0 9 9 8 1 3 5 8 4 6 3 5 9 7 4 8 7 8 1 1 3 0 7 6 7 4 0 1 8 1 3 0 0 5 0 4 8 5 4 3 4 9 0 3 6 6 1 6 5 5 7 0 7 4 6 4 0 8 7 0 9 1 2 2 8 3 8 6 8 2 1 2 2 1 6 8 0 9 4 7 4 1 7 1 8 5 5 8 3 3 1 4 6 3 8 4 6 6 2 5 9 4 9 1 7 7 1 7 7 6 6 3 9 3 5 9 0 2 8 3 7 9 0 5 2 8 1 1 5 
74 6 6 0 7 9 9 5 0 7 4 8 5 7 8 9 4 7 9 9 7 5 6 8 5 4 3 5 5 4 2 1 2 8 3 9 9 3 6 0 2 0 8 7 0 8 8 4 8 0 3 7 5 2 6 2 6 9 9 3 5 2 5 7 2 0 8 2 3 7 4 5 7 4 3 
209 5 3 4 3 3 9 0 8 1 8 2 9 9 2 3 6 4 0 3 8 0 4 0 4 1 6 1 0 1 6 0 6 0 6 1 3 5 3 4 9 2 8 8 3 0 1 0 6 1 5 5 4 1 7 8 2 4 1 5 7 8 7 5 0 3 6 5 0 9 9 9 3 8 0 9 0 1 9 7 5 6 4 9 8 1 9 2 7 0 7 6 0 6 1 2 1 7 8 2 9 7 3 2 7 3 3 8 7 2 7 2 1 1 3 9 4 2 3 4 4 3 0 7 9 2 9 1 1 7 5 0 7 8 5 4 4 8 4 1 3 3 5 4 4 8 5 1 2 0 5 6 3 5 3 3 9 3 6 1 2 1 1 9 1 8 6 7 9 2 0 2 6 5 8 2 5 5 3 7 5 8 6 9 6 9 4 5 4 0 6 7 3 0 6 6 0 4 6 9 7 6 1 3 4 1 5 9 6 1 
89 2 1 5 3 7 6 7 5 1 9 3 0 4 3 8 0 6 3 6 5 2 5 9 5 9 2 2 0 9 5 9 3 7 6 6 4 3 5 1 6 4 5 8 8 0 6 0 6 1 9 4 3 4 3 0 3 7 3 5 6 0 5 1 7 1 7 4 6 4 5 4 0 0 2 0 1 1 1 9 2 2 3 8 6 8 8 1 6 3 
246 2 4 3 6 3 7 3 7 3 0 5 0 0 7 2 1 8 5 4 8 0 6 3 8 4 2 8 5 8 2 3 2 8 7 8 1 4 4 1 7 4 6 9 6 3 2 7 4 9 1 4 9 9 7 7 3 1 6 8 9 0 4 4 8 1 2 9 5 8 2 4 4 8 4 1 4 8 0 0 7 4 4 7 3 3 6 7 5 4 7 6 4 1 2 2 4 7 4 9 5 8 4 2 7 0 3 3 8 3 3 7 9 9 4 3 4 3 2 1 7 1 0 2 5 2 6 9 9 2 1 7 1 7 9 0 7 2 3 7 7 8 4 7 9 1 2 3 4 6 5 1 9 7 5 4 9 2 6 9 4 9 6 5 6 7 7 5 9 0 4 8 0 8 7 9 1 1 5 5 7 2 9 7 9 4 3 8 8 1 9 3 0 7 0 8 4 8 3 5 0 7 4 1 8 3 2 9 5 7 7 2 9 6 1 8 2 7 9 1 8 8 6 1 8 8 9 2 8 5 0 9 2 6 2 2 9 4 2 6 2 9 1 1 7 2 0 
111 1 1 2 0 9 0 3 7 9 2 2 7 7 4 8 2 0 0 4 1 5 8 8 7 7 9 0 6 3 2 8 7 3 2 9 5 3 2 4 4 4 8 1 4 2 0 8 4 2 2 6 7 1 6 6 0 7 7 9 2 1 7 9 5 1 8 0 4 0 6 0 7 5 2 3 7 4 1 2 6 3 0 6 6 6 2 7 5 1 8 7 3 5 7 0 8 7 2 5 8 8 5 7 3 7 0 3 3 1 5 0 
186 7 8 3 3 0 2 0 4 0 7 9 7 6 9 7 4 3 2 4 1 8 3 7 7 3 0 1 6 7 3 4 4 1 9 9 3 1 1 7 3 8 6 2 7 7 0 3 0 2 7 4 0 2 3 0 7 5 1 3 2 4 9 8 7 9 9 0 2 0 8 6 0 6 0 7 4 2 0 6 7 9 2 9 1 5 9 8 0 0 3 4 6 3 4 3 2 5 4 4 5 4 2 6 0 5 5 6 7 8 3 4 7 7 4 1 3 3 1 5 6 5 2 2 0 6 6 2 2 2 8 9 8 3 7 8 8 3 7 7 3 2 4 0 9 8 1 2 3 5 0 9 0 2 2 0 0 0 4 2 4 4 4 2 9 1 2 9 6 9 7 9 1 1 2 1 1 5 5 4 0 5 6 2 9 0 2 
50 0 8 4 4 5 8 8 4 2 0 6 0 0 3 0 1 6 4 4 9 9 2 5 0 7 1 2 7 1 7 9 3 7 3 9 4 4 7 1 6 0 7 6 0 2 8 3 0 2 0 
199 2 2 4 4 9 8 8 8 1 5 9 5 5 3 6 9 9 6 2 5 6 9 3 6 1 2 1 3 6 1 2 0 3 9 4 5 9 3 5 0 0 7 7 7 2 4 9 1 2 1 8 8 1 1 4 4 5 7 8 4 9 2 4 4 3 1 1 2 4 9 5 6 6 4 6 8 8 5 9 0 6 7 0 9 0 6 4 8 4 4 2 5 8 6 9 4 7 3 8 3 2 3 2 8 8 8 6 8 5 7 1 1 6 1 3 6 8 9 4 4 5 6 9 3 5 0 7 4 3 8 8 7 1 2 5 1 0 3 2 7 0 3 8 8 6 3 5 6 2 1 0 7 0 9 3 5 2 2 9 5 0 9 3 4 1 0 7 3 4 9 0 6 4 1 5 3 4 2 9 9 3 0 6 5 1 9 0 3 2 2 1 4 3 6 8 5 6 6 0 
32 7 1 9 2 4 6 5 0 0 6 9 3 6 6 9 0 7 1 5 1 5 6 8 9 2 6 4 9 4 6 1 2 
87 2 6 3 0 3 4 0 9 3 6 8 1 7 0 1 8 5 2 6 2 0 5 6 9 1 5 3 7 9 7 7 3 3 0 4 8 4 6 8 0 2 8 1 9 8 2 0 3 7 6 7 9 3 4 8 4 1 4 3 2 1 0 6 7 3 2 7 9 8 7 9 3 5 3 4 5 7 4 9 4 2 8 4 5 2 4 9 
224 8 5 8 2 5 4 1 8 8 8 0 9 6 9 4 3 2 8 9 2 3 0 6 5 8 2 3 1 7 2 7 7 7 5 1 5 2 2 5 2 3 5 1 1 7 7 4 1 6 5 3 9 5 2 6 4 4 9 5 3 4 4 3 3 1 4 0 3 9 8 8 4 3 1 5 2 9 1 4 5 9 7 6 4 9 2 8 6 4 5 9 0 1 2 5 3 9 6 6 0 4 6 4 9 8 1 2 7 4 6 2 3 5 8 8 7 2 8 3 6 6 4 8 7 9 4 0 0 2 9 0 8 5 4 7 3 7 1 0 1 7 2 7 5 2 5 2 5 5 7 3 1 1 2 9 2 8 1 2 0 0 2 8 8 8 5 1 5 7 4 9 6 8 6 3 1 3 7 6 8 4 1 2 8 3 3 0 1 4 3 3 7 7 1 5 6 9 8 3 8 2 2 6 1 0 0 2 3 7 0 4 4 3 8 2 7 1 4 0 7 7 6 4 7 
29 1 3 8 0 8 8 2 1 7 3 1 9 7 7 8 9 3 2 3 1 6 2 2 1 4 9 8 0 6 
147 0 7 2 0 7 1 1 2 4 8 5 5 7 5 4 5 4 7 0 7 8 6 1 2 7 6 4 8 6 0 5 8 9 8 1 9 9 2 1 3 2 8 0 9 3 7 6 0 4 6 9 5 5 1 7 2 7 1 2 5 3 8 6 5 8 7 4 9 1 5 4 3 5 4 4 9 3 0 1 0 9 0 5 4 3 4 8 0 6 1 8 1 1 6 6 9 5 0 8 6 7 2 9 3 8 3 4 4 5 5 4 6 7 9 0 1 3 1 3 1 4 3 3 5 1 1 4 6 4 4 2 1 8 3 6 8 8 2 2 6 9 6 2 7 5 5 0 
281 6 3 2 0 9 7 5 0 1 1 7 5 7 1 6 5 7 5 3 5 7 6 1 7 2 6 6 0 1 6 3 7 1 7 9 2 5 6 3 8 7 2 3 6 3 1 1 2 6 6 0 4 2 3 3 7 9 1 9 0 9 2 7 0 9 8 3 6 4 8 4 3 0 7 9 5 9 0 8 7 9 0 3 3 3 6 0 3 9 1 3 8 3 3 9 5 1 4 1 8 4 8 1 4 7 1 1 8 3 1 6 2 1 9 6 7 8 8 0 7 0 5 6 5 0 7 0 4 3 4 2 7 4 5 3 1 6 6 0 2 8 8 6 1 9 2 8 9 3 0 9 5 8 5 0 8 4 3 4 9 9 8 6 3 4 1 4 0 7 6 4 7 6 1 9 8 3 9 7 8 0 6 3 8 3 6 8 9 1 3 8 0 3 6 3 7 7 9 8 7 8 2 4 6 3 5 4 9 5 2 9 5 0 5 5 4 3 5 3 4 0 4 4 4 0 9 1 0 0 1 9 0 6 3 7 1 9 1 2 6 5 2 3 6 9 8 2 2 5 7 8 6 1 4 2 4 3 3 4 5 5 3 6 3 8 5 4 9 8 7 5 4 1 8 2 2 8 4 4 4 1 
132 2 5 8 4 9 3 9 3 8 6 8 6 9 6 1 4 6 0 3 3 4 6 2 8 8 2 2 4 8 5 6 0 0 4 6 9 9 6 4 7 2 2 4 4 1 7 0 9 7 3 2 3 9 6 1 9 9 5 3 9 3 1 2 3 7 8 5 6 6 1 3 1 4 9 5 7 7 7 6 6 0 0 0 1 9 3 2 8 1 5 9 4 6 1 9 5 2 4 1 8 6 6 1 2 6 8 1 5 5 9 1 7 9 3 0 8 7 2 8 0 7 8 4 5 1 3 0 3 0 1 4 8 
8 7 2 6 6 3 1 3 2 
44 1 3 8 3 4 7 6 4 7 5 4 3 1 6 6 1 1 8 5 5 6 5 3 8 1 1 3 4 4 7 0 7 1 0 1 7 9 9 1 8 4 8 1 5 
56 0 9 7 8 4 3 7 1 8 7 4 9 1 0 5 8 0 5 1 3 6 0 2 5 2 1 9 2 4 7 8 4 6 5 5 2 0 4 3 8 1 7 9 4 7 5 5 9 0 6 2 8 7 7 5 1 
28 6 3 4 3 3 9 9 8 6 3 1 0 6 9 1 5 1 8 2 8 3 4 0 9 6 0 8 3 
5 9 3 1 4 8 
47 7 9 8 8 7 2 9 7 8 0 0 4 3 8 8 1 1 2 3 3 1 3 1 6 8 3 2 2 9 2 9 7 1 9 7 8 1 8 7 0 0 7 6 4 8 4 7 
29 9 1 2 0 4 4 8 5 9 0 9 8 2 0 7 5 9 4 5 1 2 2 1 5 2 9 9 0 5 
236 9 4 7 4 6 4 0 7 9 9 7 8 7 2 8 7 7 7 1 5 8 6 7 1 1 1 2 2 1 8 8 3 4 8 9 3 2 9 0 3 0 7 1 9 1 1 6 1 0 0 6 1 6 5 4 9 7 7 1 0 5 1 5 1 9 4 4 1 5 4 4 5 4 7 7 7 8 3 8 1 3 4 2 1 0 6 2 9 3 5 9 0 7 5 2 6 1 8 0 7 5 6 4 1 6 1 8 6 7 7 7 2 3 9 4 3 6 8 4 1 4 4 2 3 1 6 9 4 6 1 1 1 0 8 4 6 1 3 2 8 2 2 1 7 1 7 3 9 7 7 3 1 1 7 4 4 5 6 9 1 9 2 5 9 0 9 7 4 4 0 2 8 4 5 6 7 2 9 7 0 6 2 3 0 9 8 6 4 6 5 7 5 0 2 7 2 4 4 6 8 6 9 9 0 6 5 8 9 6 7 1 4 9 6 6 0 4 3 6 2 0 5 0 0 8 7 5 4 1 1 4 8 2 3 0 9 
200 0 0 6 7 1 3 8 7 9 0 4 4 6 8 5 4 8 7 2 5 2 8 9 6 2 7 8 6 9 7 8 0 9 7 9 2 0 8 0 1 0 6 6 9 6 3 3 5 2 7 2 7 5 1 3 7 0 3 5 0 3 4 0 2 3 9 5 3 9 7 6 0 5 2 9 1 7 4 6 2 1 9 9 6 2 2 5 3 7 1 3 0 7 5 3 0 6 0 5 8 7 1 8 4 6 9 5 3 5 4 5 6 5 6 2 7 0 7 0 8 0 5 8 9 0 3 1 9 3 6 7 2 8 7 6 6 6 4 1 1 8 9 9 3 5 1 2 6 0 3 6 3 8 6 4 1 0 6 0 5 2 7 0 2 4 6 8 2 0 0 5 0 9 4 3 6 7 8 4 9 1 0 4 1 7 9 2 9 5 4 4 9 1 4 2 7 3 2 9 5 
14 6 6 5 2 1 2 9 9 6 1 0 7 5 4 
16 6 8 5 1 3 1 3 4 6 5 4 1 9 3 6 4 
212 2 9 4 4 3 6 3 0 7 6 9 4 0 7 1 0 2 4 3 3 7 0 1 4 4 2 4 9 1 0 1 3 1 6 9 5 2 5 7 1 1 8 5 3 5 8 3 9 3 9 2 0 9 6 7 5 0 1 4 1 3 8 7 4 4 6 1 8 1 0 1 4 8 6 9 5 7 5 4 0 4 9 2 5 5 9 0 7 2 6 9 5 4 8 2 0 4 5 0 8 6 1 4 6 0 6 2 7 1 8 7 7 7 1 4 4 1 6 2 5 2 3 3 7 1 5 7 7 0 8 7 8 9 2 5 1 0 9 8 3 7 5 0 5 9 6 1 0 2 5 7 4 0 0 1 3 5 1 1 8 1 0 6 0 4 3 2 4 2 2 7 0 0 9 7 9 5 0 9 7 6 8 4 6 9 7 0 4 8 3 4 9 3 3 2 0 6 6 4 9 8 2 1 0 3 8 9 9 8 0 8 6 
169 4 3 8 2 5 4 2 8 1 4 3 4 8 3 0 4 0 1 4 2 2 5 5 2 6 6 3 7 7 9 6 1 2 6 3 9 0 8 9 1 2 3 7 0 8 8 6 8 1 2 2 6 9 0 8 6 6 1 3 3 1 1 7 5 7 2 5 9 0 4 3 4 9 0 6 0 0 2 8 2 7 1 0 6 3 8 4 9 2 9 5 5 2 4 0 1 6 7 1 7 4 4 3 5 6 0 5 7 4 4 1 3 7 1 0 0 1 6 1 3 6 8 8 0 2 1 2 1 8 3 0 4 9 3 0 5 5 5 4 0 1 5 3 0 8 5 2 0 4 4 3 0 4 4 0 9 5 2 0 5 7 2 2 8 5 2 4 1 7 
260 3 1 6 6 1 4 4 4 4 8 0 0 0 6 6 2 5 1 7 7 8 4 9 0 3 7 2 9 8 2 9 3 5 7 9 6 4 5 0 8 3 2 0 5 9 6 8 4 9 5 4 0 1 5 0 4 2 5 5 2 9 5 5 4 4 7 2 8 2 5 9 8 7 9 3 6 8 1 3 9 8 7 9 0 2 0 6 7 7 2 9 6 9 5 2 3 2 4 2 4 9 1 4 7 2 8 5 0 1 8 2 0 7 1 2 2 1 8 9 8 0 8 6 1 5 8 5 7 5 9 4 4 2 0 3 4 8 1 7 2 1 9 4 1 0 6 3 4 4 4 4 7 4 1 0 0 1 5 9 6 6 5 3 8 6 8 5 4 1 2 8 3 3 2 4 5 8 9 9 5 3 6 4 7 9 4 9 0 2 9 9 8 6 4 9 2 4 4 9 6 8 7 9 1 2 3 8 0 2 0 7 7 6 1 4 5 8 6 7 0 5 6 0 3 2 9 6 7 3 5 3 3 4 2 4 6 7 5 7 9 5 6 6 1 0 2 6 8 8 3 8 5 2 8 9 4 0 7 1 5 
292 4 9 6 8 5 3 5 0 2 6 5 0 2 6 0 7 4 8 7 0 8 5 2 9 6 8 9 3 0 4 5 6 5 3 5 1 8 0 1 2 7 9 3 1 7 5 0 2 4 8 4 4 5 6 3 1 6 4 4 6 1 1 5 6 6 0 7 5 2 1 9 9 0 4 3 7 0 3 1 6 3 5 0 8 3 6 1 0 0 5 8 3 8 5 0 5 5 9 2 8 2 3 9 2 8 2 2 8 8 5 6 3 3 6 2 8 4 3 0 7 1 9 0 1 4 2 8 2 4 0 2 6 6 1 1 4 6 5 4 6 0 0 9 3 8 3 2 3 9 2 0 2 3 0 3 0 5 2 4 9 4 6 5 0 9 8 4 5 3 0 3 4 0 3 9 9 8 3 4 7 8 4 9 3 6 3 5 1 7 9 2 1 5 0 4 7 8 8 2 2 1 8 8 1 1 9 2 9 5 6 9 3 0 8 6 9 3 2 2 2 3 5 4 1 5 8 8 5 8 2 9 9 0 7 3 3 9 5 5 4 4 4 7 6 4 5 5 8 9 0 2 3 5 6 6 2 6 4 9 7 6 9 8 7 6 1 0 7 9 5 1 5 1 0 1 6 6 9 6 7 9 8 2 4 7 8 8 5 2 7 2 9 
126 1 8 5 4 0 2 5 6 6 0 9 6 2 7 4 1 3 4 2 4 6 8 3 7 6 8 1 5 3 2 4 6 0 9 0 1 3 8 9 9 8 0 8 2 8 2 5 3 6 7 9 5 5 2 4 3 1 5 9 6 0 3 2 0 4 2 3 9 0 4 1 1 5 9 3 3 3 9 8 2 8 8 9 4 0 3 7 3 0 8 9 0 3 1 3 9 6 6 9 8 1 2 9 8 3 5 3 6 6 1 0 4 9 9 0 2 2 8 5 5 6 7 5 2 8 8 
241 6 5 0 5 8 4 6 8 7 1 1 6 9 2 6 4 4 6 6 6 0 4 1 5 3 8 3 5 9 1 6 5 8 9 2 8 3 9 6 3 2 9 9 4 2 5 0 8 3 6 4 6 3 7 3 6 8 6 3 7 8 1 4 8 2 7 7 8 8 5 1 2 5 0 6 9 7 6 7 3 5 1 9 8 0 2 4 8 1 9 7 1 2 4 9 5 1 8 3 1 4 4 5 9 6 4 8 3 2 7 8 7 0 7 5 0 2 1 1 3 0 8 6 5 2 5 0 5 6 3 8 0 9 4 1 7 0 1 2 2 8 1 0 0 0 5 0 2 9 3 7 1 4 3 6 8 1 6 4 7 1 4 7 2 0 0 9 0 1 4 3 9 5 3 9 5 0 1 0 9 7 7 1 1 3 9 9 4 6 5 1 9 0 0 4 0 0 5 3 1 9 6 2 4 1 3 2 3 6 2 3 3 1 6 4 4 7 4 0 5 9 1 5 1 3 9 4 5 4 7 8 4 5 2 0 8 5 4 1 4 8 
176 9 0 4 4 6 2 0 7 7 1 0 2 3 4 3 9 1 0 6 0 6 3 2 8 1 0 3 2 6 1 9 5 3 3 9 0 7 1 9 5 3 9 9 8 5 3 7 7 5 5 9 1 8 3 9 9 3 4 3 1 8 2 7 1 8 6 3 5 0 2 0 5 4 2 3 1 7 2 0 2 7 9 3 7 5 4 6 8 9 9 0 7 4 9 0 2 7 4 9 7 8 2 2 4 4 7 6 1 9 8 3 8 8 8 5 3 2 3 3 3 3 5 0 9 4 1 1 2 7 2 1 7 4 4 4 0 1 2 1 3 0 6 1 0 6 9 3 9 2 9 4 7 6 5 6 3 8 9 7 7 2 8 4 6 4 8 9 8 2 0 1 3 9 4 3 5 
45 9 6 8 0 1 5 6 8 2 1 6 1 8 3 5 9 9 2 3 0 3 1 2 3 4 5 4 1 1 0 8 0 8 6 0 1 4 6 9 8 0 7 1 8 2 
137 7 2 1 3 4 4 6 8 9 3 4 4 6 5 6 4 7 4 3 7 6 7 5 7 5 5 5 6 6 7 3 3 1 6 8 5 0 5 4 0 0 0 4 6 7 2 0 4 6 3 3 4 2 8 2 7 4 9 6 0 6 1 5 8 8 6 3 0 1 9 0 1 9 6 9 8 8 9 2 7 5 5 1 7 6 5 5 2 4 3 2 3 4 9 1 4 5 6 5 8 8 5 1 9 4 0 8 2 0 2 9 5 0 1 4 6 8 9 8 5 4 2 8 9 3 1 3 9 7 0 9 7 8 1 7 2 1 
175 4 3 7 4 0 7 7 5 5 7 6 3 2 1 7 0 2 1 1 7 2 1 8 1 8 6 4 7 8 8 2 2 1 2 8 2 1 7 9 7 5 5 2 7 6 0 0 8 1 3 8 3 6 6 6 7 2 1 4 2 9 9 6 2 1 5 6 4 2 5 1 9 3 4 9 1 4 9 2 7 4 0 2 1 6 8 0 0 1 6 2 2 5 8 7 8 5 3 3 0 1 4 9 4 0 8 5 4 9 7 1 4 9 3 7 5 4 9 7 7 5 9 0 3 0 9 1 5 2 6 5 3 3 5 9 3 5 7 8 5 6 1 1 6 7 8 1 3 9 9 0 4 0 2 7 0 1 1 8 6 7 3 1 0 0 1 6 8 0 4 3 6 7 6 2 
166 6 6 9 5 7 2 9 7 6 9 0 0 2 0 6 9 5 9 2 6 0 8 6 2 4 9 9 3 5 1 0 1 9 1 8 6 5 7 6 4 8 8 4 0 8 0 2 3 9 4 1 2 4 7 4 8 8 5 3 3 7 5 6 8 9 4 5 4 4 1 0 4 1 4 5 9 6 9 2 8 3 4 2 9 1 8 9 0 4 2 5 3 8 4 1 9 0 8 5 6 9 6 1 2 0 6 1 7 5 4 5 0 0 9 1 3 7 0 5 1 2 3 4 2 7 6 1 9 4 7 6 6 3 7 8 5 5 2 4 2 8 9 4 8 0 5 3 8 5 9 9 9 2 4 4 1 2 7 2 8 6 8 6 1 7 7 
247 4 9 1 8 7 3 2 7 3 9 0 1 6 1 1 8 5 7 2 8 1 1 1 9 8 1 8 9 1 5 8 5 4 0 4 3 5 8 0 0 0 2 2 6 4 5 6 9 4 8 8 7 2 9 6 0 2 6 1 3 1 0 9 7 2 5 0 7 5 2 9 5 5 3 4 9 0 0 0 4 1 8 1 3 9 0 5 2 6 6 5 0 6 6 7 0 3 0 9 9 2 9 6 7 2 2 8 3 5 9 9 6 9 3 1 9 3 6 1 1 4 6 1 3 3 9 3 6 9 3 7 3 4 6 3 6 8 3 1 5 2 1 1 4 4 4 3 9 2 4 2 7 2 4 0 5 5 3 4 6 8 3 9 2 1 4 1 0 8 2 7 2 5 1 6 1 5 9 2 8 5 5 5 8 1 7 5 6 2 1 4 1 5 5 3 6 0 6 8 0 9 6 2 6 7 1 8 4 0 0 4 8 5 1 6 8 8 3 4 1 5 8 2 2 6 7 0 6 6 1 6 5 9 0 1 6 1 1 2 4 2 7 2 9 8 8 8 
297 1 4 0 8 5 4 0 1 3 1 9 9 2 7 4 1 7 8 9 9 9 3 3 3 0 7 5 1 5 5 0 8 1 0 7 6 4 9 9 7 0 8 9 4 5 5 7 5 3 8 6 5 2 9 0 2 6 7 5 3 4 5 3 6 5 2 4 1 2 4 1 4 4 0 9 2 5 8 7 1 7 5 8 9 4 8 3 2 8 9 7 2 4 2 8 2 5 3 5 7 9 6 3 5 8 4 7 6 3 6 9 0 1 7 1 7 7 4 1 5 5 0 8 2 3 8 6 8 3 1 7 2 0 0 8 0 5 7 6 0 4 5 0 7 4 3 5 2 9 8 9 5 9 9 9 2 8 5 2 1 6 9 6 8 9 6 9 6 3 7 6 9 5 8 7 9 1 4 3 3 4 3 0 3 2 9 7 2 6 9 6 4 8 2 3 0 8 2 6 3 1 5 5 6 5 4 6 9 8 1 2 2 4 2 8 9 3 5 1 9 5 7 3 5 1 8 5 1 2 4 5 4 1 0 0 6 4 8 5 4 0 7 8 6 1 6 5 4 4 9 5 9 8 1 4 0 9 2 1 2 6 8 6 7 0 8 3 6 7 1 2 9 8 3 5 2 1 3 8 5 4 4 6 2 7 1 2 6 5 6 0 1 6 6 0 9 7 
185 5 6 6 0 5 7 3 2 1 4 7 9 2 1 5 8 4 4 1 8 1 6 6 1 9 3 0 9 2 7 7 9 3 5 9 0 4 4 4 7 9 2 7 3 3 4 1 9 9 3 0 2 9 6 5 9 9 5 0 3 4 9 3 9 5 4 9 1 9 4 9 0 8 8 3 3 4 4 3 5 9 5 7 9 1 3 0 1 0 0 6 5 2 9 4 9 6 6 0 7 2 1 7 0 9 2 3 6 8 8 1 8 3 1 9 7 6 9 8 6 1 6 3 3 8 8 4 4 6 5 1 8 6 0 8 8 4 3 4 2 4 7 2 9 8 1 6 4 0 6 1 4 3 6 9 1 6 4 5 2 1 8 0 9 0 0 7 4 6 3 6 0 1 9 9 9 2 6 6 5 2 7 9 7 3 
180 8 2 4 5 4 5 3 7 5 3 7 4 9 3 8 6 5 1 7 5 2 9 3 8 4 7 7 5 5 1 6 3 3 2 1 9 0 6 6 7 2 6 1 1 1 1 9 7 2 6 4 5 8 7 5 4 6 3 2 1 6 0 7 1 2 8 0 4 4 7 1 6 5 5 8 6 6 7 3 1 6 7 8 4 6 3 0 3 6 2 6 2 2 3 3 7 1 6 1 8 3 3 6 0 8 4 6 6 4 0 7 2 9 5 8 6 1 8 1 7 3 7 2 5 1 5 2 4 1 6 4 6 9 1 6 7 7 3 5 3 5 3 5 4 0 3 2 1 4 3 9 7 1 3 4 4 8 7 0 2 3 5 0 4 6 9 3 5 4 8 9 9 1 4 5 4 8 8 5 4 
291 6 1 4 9 5 8 8 4 1 2 9 6 2 3 4 3 8 9 7 7 8 6 0 3 2 4 3 2 0 9 5 8 0 0 8 7 0 8 2 1 0 1 9 4 7 3 8 7 3 7 4 3 4 7 8 8 1 3 2 3 2 7 2 2 9 2 2 0 0 4 3 2 7 3 8 6 6 8 4 1 6 0 5 2 7 5 2 1 9 4 6 3 1 0 8 1 2 0 3 2 4 6 6 3 9 5 0 8 3 6 9 9 6 6 1 4 4 3 7 3 9 3 8 3 4 6 4 8 6 9 3 2 5 9 6 7 4 8 5 8 4 6 9 0 5 3 6 9 8 3 4 8 9 2 1 5 9 7 3 7 8 6 0 3 6 8 2 2 8 7 2 2 6 2 4 1 7 3 0 5 8 4 5 7 6 8 2 7 7 6 5 5 4 5 1 2 5 3 5 3 3 7 7 9 1 1 0 8 6 2 6 5 6 1 2 4 2 5 2 9 3 9 5 7 6 6 0 1 9 7 4 2 6 3 3 8 4 3 8 1 7 6 6 5 0 0 0 2 7 4 1 0 3 6 0 9 4 2 2 4 9 8 8 5 1 2 5 7 7 6 8 7 2 6 2 4 9 2 6 6 8 8 9 1 6 1 2 1 3 4 7 
144 4 7 1 5 1 7 3 1 5 3 8 7 2 0 4 1 5 0 9 3 0 8 7 9 9 9 2 4 6 1 8 0 8 0 8 2 9 3 3 4 6 3 3 0 3 7 3 8 8 3 4 0 1 1 9 3 2 1 7 8 2 6 1 3 6 1 5 7 4 8 1 2 1 4 3 6 4 6 7 2 1 1 4 3 4 4 6 6 5 5 7 0 1 0 3 9 1 8 6 7 8 7 1 9 4 4 7 8 3 4 2 4 7 6 9 1 2 7 8 8 3 7 8 4 7 3 6 0 1 2 9 9 2 0 0 8 7 7 8 0 2 0 6 1 
